#_____________________
#  T       s         P        epsilon
  4.0  1.48347e-17  1.61435e-18  5.77244e-17
  5.0  1.61281e-14  2.68976e-15  7.79505e-14
  6.0  1.76421e-12  4.15875e-13  1.01694e-11
  7.0  5.16860e-11  1.62861e-11  3.45516e-10
  8.0  6.62825e-10  2.67996e-10  5.03461e-09
  9.0  4.89220e-09  2.46019e-09  4.15696e-08
 10.0  2.45016e-08  1.49525e-08  2.30063e-07
 11.0  9.24851e-08  6.71453e-08  9.50191e-07
 12.0  2.82230e-07  2.39801e-07  3.14695e-06
 13.0  7.30998e-07  7.16965e-07  8.78601e-06
 14.0  1.66392e-06  1.86197e-06  2.14330e-05
 15.0  3.41475e-06  4.31606e-06  4.69052e-05
 16.0  6.44076e-06  9.11506e-06  9.39371e-05
 17.0  1.13307e-05  1.78174e-05  1.74805e-04
 18.0  1.88061e-05  3.26369e-05  3.05873e-04
 19.0  2.97163e-05  5.65732e-05  5.08036e-04
 20.0  4.50297e-05  9.35360e-05  8.07058e-04
 21.0  6.58216e-05  1.48458e-04  1.23380e-03
 22.0  9.32605e-05  2.27394e-04  1.82434e-03
 23.0  1.28594e-04  3.37610e-04  2.62005e-03
 24.0  1.73133e-04  4.87650e-04  3.66755e-03
 25.0  2.28242e-04  6.87399e-04  5.01866e-03
 26.0  2.95324e-04  9.48125e-04  6.73031e-03
 27.0  3.75810e-04  1.28252e-03  8.86437e-03
 28.0  4.71152e-04  1.70470e-03  1.14876e-02
 29.0  5.82812e-04  2.23026e-03  1.46713e-02
 30.0  7.12258e-04  2.87625e-03  1.84915e-02
 31.0  8.60961e-04  3.66119e-03  2.30286e-02
 32.0  1.03039e-03  4.60508e-03  2.83673e-02
 33.0  1.22200e-03  5.72937e-03  3.45967e-02
 34.0  1.43726e-03  7.05696e-03  4.18097e-02
 35.0  1.67760e-03  8.61224e-03  5.01039e-02
 36.0  1.94449e-03  1.04210e-02  5.95806e-02
 37.0  2.23935e-03  1.25105e-02  7.03455e-02
 38.0  2.56364e-03  1.49095e-02  8.25087e-02
 39.0  2.91878e-03  1.76481e-02  9.61842e-02
 40.0  3.30622e-03  2.07579e-02  1.11491e-01
 41.0  3.72742e-03  2.42718e-02  1.28552e-01
 42.0  4.18383e-03  2.82244e-02  1.47496e-01
 43.0  4.67694e-03  3.26517e-02  1.68457e-01
 44.0  5.20824e-03  3.75910e-02  1.91572e-01
 45.0  5.77926e-03  4.30814e-02  2.16985e-01
 46.0  6.39156e-03  4.91633e-02  2.44848e-01
 47.0  7.04671e-03  5.58788e-02  2.75316e-01
 48.0  7.74635e-03  6.32716e-02  3.08553e-01
 49.0  8.49214e-03  7.13869e-02  3.44728e-01
 50.0  9.28582e-03  8.02718e-02  3.84019e-01
 51.0  1.01291e-02  8.99751e-02  4.26612e-01
 52.0  1.10240e-02  1.00547e-01  4.72700e-01
 53.0  1.19722e-02  1.12041e-01  5.22486e-01
 54.0  1.29758e-02  1.24510e-01  5.76183e-01
 55.0  1.40368e-02  1.38012e-01  6.34014e-01
 56.0  1.51574e-02  1.52604e-01  6.96213e-01
 57.0  1.63398e-02  1.68347e-01  7.63024e-01
 58.0  1.75864e-02  1.85305e-01  8.34704e-01
 59.0  1.88994e-02  2.03542e-01  9.11524e-01
 60.0  2.02816e-02  2.23127e-01  9.93768e-01
 61.0  2.17355e-02  2.44129e-01  1.08173e+00
 62.0  2.32639e-02  2.66622e-01  1.17574e+00
 63.0  2.48697e-02  2.90683e-01  1.27611e+00
 64.0  2.65560e-02  3.16389e-01  1.38320e+00
 65.0  2.83260e-02  3.43822e-01  1.49737e+00
 66.0  3.01830e-02  3.73070e-01  1.61901e+00
 67.0  3.21305e-02  4.04219e-01  1.74852e+00
 68.0  3.41722e-02  4.37362e-01  1.88635e+00
 69.0  3.63120e-02  4.72596e-01  2.03294e+00
 70.0  3.85540e-02  5.10020e-01  2.18876e+00
 71.0  4.09024e-02  5.49739e-01  2.35433e+00
 72.0  4.33617e-02  5.91862e-01  2.53018e+00
 73.0  4.59366e-02  6.36501e-01  2.71687e+00
 74.0  4.86321e-02  6.83775e-01  2.91500e+00
 75.0  5.14532e-02  7.33807e-01  3.12519e+00
 76.0  5.44056e-02  7.86725e-01  3.34810e+00
 77.0  5.74949e-02  8.42664e-01  3.58445e+00
 78.0  6.07272e-02  9.01763e-01  3.83496e+00
 79.0  6.41087e-02  9.64168e-01  4.10042e+00
 80.0  6.76461e-02  1.03003e+00  4.38166e+00
 81.0  7.13464e-02  1.09951e+00  4.67955e+00
 82.0  7.52169e-02  1.17278e+00  4.99501e+00
 83.0  7.92654e-02  1.25001e+00  5.32902e+00
 84.0  8.34998e-02  1.33137e+00  5.68261e+00
 85.0  8.79287e-02  1.41707e+00  6.05687e+00
 86.0  9.25610e-02  1.50730e+00  6.45295e+00
 87.0  9.74061e-02  1.60227e+00  6.87207e+00
 88.0  1.02474e-01  1.70219e+00  7.31551e+00
 89.0  1.07774e-01  1.80729e+00  7.78462e+00
 90.0  1.13319e-01  1.91782e+00  8.28086e+00
 91.0  1.19118e-01  2.03401e+00  8.80572e+00
 92.0  1.25184e-01  2.15614e+00  9.36081e+00
 93.0  1.31530e-01  2.28447e+00  9.94782e+00
 94.0  1.38168e-01  2.41930e+00  1.05685e+01
 95.0  1.45113e-01  2.56091e+00  1.12248e+01
 96.0  1.52378e-01  2.70963e+00  1.19187e+01
 97.0  1.59980e-01  2.86578e+00  1.26522e+01
 98.0  1.67932e-01  3.02971e+00  1.34277e+01
 99.0  1.76253e-01  3.20177e+00  1.42473e+01
100.0  1.84960e-01  3.38234e+00  1.51136e+01
101.0  1.94070e-01  3.57182e+00  1.60292e+01
102.0  2.03603e-01  3.77062e+00  1.69968e+01
103.0  2.13578e-01  3.97918e+00  1.80193e+01
104.0  2.24016e-01  4.19793e+00  1.90998e+01
105.0  2.34940e-01  4.42737e+00  2.02413e+01
106.0  2.46371e-01  4.66798e+00  2.14474e+01
107.0  2.58334e-01  4.92029e+00  2.27214e+01
108.0  2.70853e-01  5.18484e+00  2.40673e+01
109.0  2.83954e-01  5.46219e+00  2.54888e+01
110.0  2.97665e-01  5.75295e+00  2.69902e+01
111.0  3.12013e-01  6.05773e+00  2.85757e+01
112.0  3.27028e-01  6.37720e+00  3.02499e+01
113.0  3.42740e-01  6.71202e+00  3.20176e+01
114.0  3.59182e-01  7.06292e+00  3.38838e+01
115.0  3.76386e-01  7.43064e+00  3.58538e+01
116.0  3.94388e-01  7.81596e+00  3.79331e+01
117.0  4.13224e-01  8.21969e+00  4.01275e+01
118.0  4.32931e-01  8.64270e+00  4.24432e+01
119.0  4.53548e-01  9.08586e+00  4.48864e+01
120.0  4.75117e-01  9.55011e+00  4.74639e+01
121.0  4.97678e-01  1.00364e+01  5.01827e+01
122.0  5.21277e-01  1.05458e+01  5.30500e+01
123.0  5.45959e-01  1.10793e+01  5.60736e+01
124.0  5.71770e-01  1.16381e+01  5.92614e+01
125.0  5.98762e-01  1.22233e+01  6.26219e+01
126.0  6.26983e-01  1.28360e+01  6.61638e+01
127.0  6.56487e-01  1.34777e+01  6.98962e+01
128.0  6.87330e-01  1.41495e+01  7.38287e+01
129.0  7.19567e-01  1.48528e+01  7.79713e+01
130.0  7.53257e-01  1.55891e+01  8.23343e+01
131.0  7.88462e-01  1.63598e+01  8.69287e+01
132.0  8.25243e-01  1.71665e+01  9.17656e+01
133.0  8.63667e-01  1.80108e+01  9.68569e+01
134.0  9.03801e-01  1.88944e+01  1.02215e+02
135.0  9.45714e-01  1.98190e+01  1.07852e+02
136.0  9.89478e-01  2.07865e+01  1.13782e+02
137.0  1.03517e+00  2.17986e+01  1.20019e+02
138.0  1.08286e+00  2.28575e+01  1.26577e+02
139.0  1.13263e+00  2.39650e+01  1.33470e+02
140.0  1.18456e+00  2.51235e+01  1.40715e+02
141.0  1.23874e+00  2.63349e+01  1.48328e+02
142.0  1.29525e+00  2.76017e+01  1.56324e+02
143.0  1.35419e+00  2.89262e+01  1.64723e+02
144.0  1.41564e+00  3.03109e+01  1.73541e+02
145.0  1.47969e+00  3.17584e+01  1.82797e+02
146.0  1.54645e+00  3.32712e+01  1.92511e+02
147.0  1.61602e+00  3.48522e+01  2.02703e+02
148.0  1.68849e+00  3.65042e+01  2.13393e+02
149.0  1.76398e+00  3.82302e+01  2.24603e+02
150.0  1.84259e+00  4.00332e+01  2.36356e+02
151.0  1.92444e+00  4.19165e+01  2.48673e+02
152.0  2.00963e+00  4.38832e+01  2.61580e+02
153.0  2.09828e+00  4.59369e+01  2.75101e+02
154.0  2.19053e+00  4.80810e+01  2.89260e+02
155.0  2.28648e+00  5.03192e+01  3.04085e+02
156.0  2.38627e+00  5.26552e+01  3.19603e+02
157.0  2.49002e+00  5.50930e+01  3.35840e+02
158.0  2.59787e+00  5.76366e+01  3.52827e+02
159.0  2.70996e+00  6.02902e+01  3.70593e+02
160.0  2.82642e+00  6.30580e+01  3.89169e+02
161.0  2.94739e+00  6.59445e+01  4.08586e+02
162.0  3.07303e+00  6.89543e+01  4.28876e+02
163.0  3.20348e+00  7.20922e+01  4.50075e+02
164.0  3.33889e+00  7.53629e+01  4.72215e+02
165.0  3.47942e+00  7.87717e+01  4.95332e+02
166.0  3.62523e+00  8.23235e+01  5.19464e+02
167.0  3.77648e+00  8.60239e+01  5.44647e+02
168.0  3.93333e+00  8.98784e+01  5.70921e+02
169.0  4.09596e+00  9.38925e+01  5.98325e+02
170.0  4.26454e+00  9.80723e+01  6.26900e+02
170.0  1.28396e+01  9.80723e+01  2.08466e+03
171.0  1.30728e+01  1.11028e+02  2.12443e+03
172.0  1.33088e+01  1.24219e+02  2.16490e+03
173.0  1.35476e+01  1.37647e+02  2.20609e+03
174.0  1.37893e+01  1.51315e+02  2.24801e+03
175.0  1.40337e+01  1.65226e+02  2.29067e+03
176.0  1.42810e+01  1.79383e+02  2.33407e+03
177.0  1.45312e+01  1.93789e+02  2.37823e+03
178.0  1.47842e+01  2.08447e+02  2.42314e+03
179.0  1.50401e+01  2.23359e+02  2.46883e+03
180.0  1.52990e+01  2.38528e+02  2.51529e+03
181.0  1.55608e+01  2.53958e+02  2.56254e+03
182.0  1.58255e+01  2.69650e+02  2.61059e+03
183.0  1.60932e+01  2.85610e+02  2.65944e+03
184.0  1.63638e+01  3.01838e+02  2.70911e+03
185.0  1.66375e+01  3.18338e+02  2.75960e+03
186.0  1.69142e+01  3.35114e+02  2.81092e+03
187.0  1.71939e+01  3.52168e+02  2.86308e+03
188.0  1.74766e+01  3.69503e+02  2.91610e+03
189.0  1.77624e+01  3.87122e+02  2.96997e+03
190.0  1.80513e+01  4.05028e+02  3.02471e+03
191.0  1.83432e+01  4.23225e+02  3.08033e+03
192.0  1.86383e+01  4.41716e+02  3.13684e+03
193.0  1.89365e+01  4.60503e+02  3.19424e+03
194.0  1.92378e+01  4.79590e+02  3.25255e+03
195.0  1.95423e+01  4.98980e+02  3.31178e+03
196.0  1.98500e+01  5.18676e+02  3.37192e+03
197.0  2.01609e+01  5.38681e+02  3.43301e+03
198.0  2.04749e+01  5.58998e+02  3.49504e+03
199.0  2.07922e+01  5.79632e+02  3.55802e+03
200.0  2.11127e+01  6.00584e+02  3.62196e+03
201.0  2.14365e+01  6.21858e+02  3.68688e+03
202.0  2.17636e+01  6.43458e+02  3.75278e+03
203.0  2.20939e+01  6.65386e+02  3.81967e+03
204.0  2.24275e+01  6.87647e+02  3.88757e+03
205.0  2.27645e+01  7.10243e+02  3.95648e+03
206.0  2.31048e+01  7.33177e+02  4.02641e+03
207.0  2.34484e+01  7.56453e+02  4.09737e+03
208.0  2.37954e+01  7.80075e+02  4.16937e+03
209.0  2.41458e+01  8.04045e+02  4.24243e+03
210.0  2.44996e+01  8.28368e+02  4.31655e+03
211.0  2.48568e+01  8.53046e+02  4.39175e+03
212.0  2.52175e+01  8.78083e+02  4.46803e+03
213.0  2.55816e+01  9.03482e+02  4.54540e+03
214.0  2.59492e+01  9.29247e+02  4.62387e+03
215.0  2.63202e+01  9.55381e+02  4.70346e+03
216.0  2.66947e+01  9.81888e+02  4.78418e+03
217.0  2.70728e+01  1.00877e+03  4.86603e+03
218.0  2.74544e+01  1.03604e+03  4.94902e+03
219.0  2.78395e+01  1.06368e+03  5.03318e+03
220.0  2.82282e+01  1.09172e+03  5.11850e+03
221.0  2.86205e+01  1.12014e+03  5.20499e+03
222.0  2.90164e+01  1.14896e+03  5.29268e+03
223.0  2.94159e+01  1.17817e+03  5.38157e+03
224.0  2.98190e+01  1.20779e+03  5.47166e+03
225.0  3.02258e+01  1.23781e+03  5.56298e+03
226.0  3.06362e+01  1.26824e+03  5.65553e+03
227.0  3.10503e+01  1.29909e+03  5.74933e+03
228.0  3.14681e+01  1.33035e+03  5.84438e+03
229.0  3.18896e+01  1.36202e+03  5.94069e+03
230.0  3.23148e+01  1.39413e+03  6.03828e+03
231.0  3.27438e+01  1.42665e+03  6.13716e+03
232.0  3.31765e+01  1.45961e+03  6.23734e+03
233.0  3.36130e+01  1.49301e+03  6.33882e+03
234.0  3.40533e+01  1.52684e+03  6.44163e+03
235.0  3.44974e+01  1.56112e+03  6.54578e+03
236.0  3.49453e+01  1.59584e+03  6.65126e+03
237.0  3.53971e+01  1.63101e+03  6.75811e+03
238.0  3.58527e+01  1.66663e+03  6.86632e+03
239.0  3.63122e+01  1.70272e+03  6.97591e+03
240.0  3.67756e+01  1.73926e+03  7.08689e+03
241.0  3.72429e+01  1.77627e+03  7.19927e+03
242.0  3.77141e+01  1.81375e+03  7.31307e+03
243.0  3.81893e+01  1.85170e+03  7.42829e+03
244.0  3.86684e+01  1.89013e+03  7.54496e+03
245.0  3.91514e+01  1.92904e+03  7.66307e+03
246.0  3.96385e+01  1.96843e+03  7.78264e+03
247.0  4.01296e+01  2.00831e+03  7.90369e+03
248.0  4.06246e+01  2.04869e+03  8.02622e+03
249.0  4.11238e+01  2.08956e+03  8.15025e+03
250.0  4.16269e+01  2.13094e+03  8.27579e+03
251.0  4.21342e+01  2.17282e+03  8.40286e+03
252.0  4.26455e+01  2.21521e+03  8.53145e+03
253.0  4.31609e+01  2.25811e+03  8.66160e+03
254.0  4.36804e+01  2.30153e+03  8.79330e+03
255.0  4.42041e+01  2.34547e+03  8.92657e+03
256.0  4.47319e+01  2.38994e+03  9.06143e+03
257.0  4.52639e+01  2.43494e+03  9.19789e+03
258.0  4.58001e+01  2.48047e+03  9.33595e+03
259.0  4.63404e+01  2.52654e+03  9.47563e+03
260.0  4.68850e+01  2.57315e+03  9.61695e+03
261.0  4.74338e+01  2.62031e+03  9.75992e+03
262.0  4.79869e+01  2.66802e+03  9.90454e+03
263.0  4.85442e+01  2.71629e+03  1.00508e+04
264.0  4.91058e+01  2.76511e+03  1.01988e+04
265.0  4.96717e+01  2.81450e+03  1.03485e+04
266.0  5.02419e+01  2.86446e+03  1.04999e+04
267.0  5.08164e+01  2.91499e+03  1.06530e+04
268.0  5.13953e+01  2.96609e+03  1.08078e+04
269.0  5.19785e+01  3.01778e+03  1.09644e+04
270.0  5.25661e+01  3.07005e+03  1.11228e+04
271.0  5.31581e+01  3.12291e+03  1.12829e+04
272.0  5.37546e+01  3.17637e+03  1.14449e+04
273.0  5.43554e+01  3.23042e+03  1.16086e+04
274.0  5.49607e+01  3.28508e+03  1.17741e+04
275.0  5.55704e+01  3.34035e+03  1.19415e+04
276.0  5.61846e+01  3.39622e+03  1.21107e+04
277.0  5.68033e+01  3.45272e+03  1.22818e+04
278.0  5.74266e+01  3.50983e+03  1.24548e+04
279.0  5.80543e+01  3.56757e+03  1.26296e+04
280.0  5.86866e+01  3.62594e+03  1.28063e+04
281.0  5.93234e+01  3.68495e+03  1.29849e+04
282.0  5.99648e+01  3.74459e+03  1.31655e+04
283.0  6.06108e+01  3.80488e+03  1.33480e+04
284.0  6.12614e+01  3.86581e+03  1.35324e+04
285.0  6.19166e+01  3.92740e+03  1.37188e+04
286.0  6.25765e+01  3.98965e+03  1.39072e+04
287.0  6.32410e+01  4.05256e+03  1.40976e+04
288.0  6.39101e+01  4.11613e+03  1.42900e+04
289.0  6.45840e+01  4.18038e+03  1.44844e+04
290.0  6.52626e+01  4.24530e+03  1.46808e+04
291.0  6.59458e+01  4.31090e+03  1.48793e+04
292.0  6.66339e+01  4.37719e+03  1.50799e+04
293.0  6.73266e+01  4.44417e+03  1.52825e+04
294.0  6.80242e+01  4.51185e+03  1.54873e+04
295.0  6.87265e+01  4.58022e+03  1.56941e+04
296.0  6.94336e+01  4.64930e+03  1.59030e+04
297.0  7.01455e+01  4.71909e+03  1.61141e+04
298.0  7.08623e+01  4.78960e+03  1.63274e+04
299.0  7.15839e+01  4.86082e+03  1.65428e+04
300.0  7.23104e+01  4.93276e+03  1.67604e+04
301.0  7.30418e+01  5.00544e+03  1.69801e+04
302.0  7.37780e+01  5.07885e+03  1.72021e+04
303.0  7.45192e+01  5.15300e+03  1.74263e+04
304.0  7.52653e+01  5.22789e+03  1.76528e+04
305.0  7.60163e+01  5.30353e+03  1.78815e+04
306.0  7.67724e+01  5.37992e+03  1.81124e+04
307.0  7.75333e+01  5.45708e+03  1.83457e+04
308.0  7.82993e+01  5.53499e+03  1.85812e+04
309.0  7.90703e+01  5.61368e+03  1.88191e+04
310.0  7.98463e+01  5.69314e+03  1.90592e+04
311.0  8.06274e+01  5.77337e+03  1.93018e+04
312.0  8.14135e+01  5.85439e+03  1.95466e+04
313.0  8.22047e+01  5.93620e+03  1.97939e+04
314.0  8.30010e+01  6.01880e+03  2.00435e+04
315.0  8.38024e+01  6.10220e+03  2.02956e+04
316.0  8.46090e+01  6.18641e+03  2.05500e+04
317.0  8.54206e+01  6.27142e+03  2.08069e+04
318.0  8.62375e+01  6.35725e+03  2.10663e+04
319.0  8.70595e+01  6.44390e+03  2.13281e+04
320.0  8.78867e+01  6.53137e+03  2.15924e+04
321.0  8.87191e+01  6.61968e+03  2.18591e+04
322.0  8.95567e+01  6.70881e+03  2.21284e+04
323.0  9.03995e+01  6.79879e+03  2.24003e+04
324.0  9.12477e+01  6.88961e+03  2.26746e+04
325.0  9.21010e+01  6.98129e+03  2.29516e+04
326.0  9.29597e+01  7.07382e+03  2.32311e+04
327.0  9.38237e+01  7.16721e+03  2.35131e+04
328.0  9.46930e+01  7.26147e+03  2.37978e+04
329.0  9.55676e+01  7.35660e+03  2.40852e+04
330.0  9.64476e+01  7.45260e+03  2.43751e+04
331.0  9.73330e+01  7.54949e+03  2.46677e+04
332.0  9.82237e+01  7.64727e+03  2.49630e+04
333.0  9.91199e+01  7.74594e+03  2.52610e+04
334.0  1.00021e+02  7.84551e+03  2.55616e+04
335.0  1.00928e+02  7.94599e+03  2.58650e+04
336.0  1.01841e+02  8.04737e+03  2.61712e+04
337.0  1.02759e+02  8.14967e+03  2.64800e+04
338.0  1.03682e+02  8.25289e+03  2.67917e+04
339.0  1.04611e+02  8.35704e+03  2.71061e+04
340.0  1.05545e+02  8.46212e+03  2.74234e+04
341.0  1.06485e+02  8.56813e+03  2.77434e+04
342.0  1.07431e+02  8.67509e+03  2.80663e+04
343.0  1.08382e+02  8.78299e+03  2.83920e+04
344.0  1.09339e+02  8.89185e+03  2.87206e+04
345.0  1.10301e+02  9.00167e+03  2.90521e+04
346.0  1.11269e+02  9.11246e+03  2.93865e+04
347.0  1.12242e+02  9.22421e+03  2.97238e+04
348.0  1.13221e+02  9.33694e+03  3.00641e+04
349.0  1.14206e+02  9.45066e+03  3.04073e+04
350.0  1.15197e+02  9.56536e+03  3.07534e+04
351.0  1.16193e+02  9.68105e+03  3.11026e+04
352.0  1.17195e+02  9.79774e+03  3.14547e+04
353.0  1.18202e+02  9.91544e+03  3.18099e+04
354.0  1.19215e+02  1.00342e+04  3.21681e+04
355.0  1.20235e+02  1.01539e+04  3.25294e+04
356.0  1.21259e+02  1.02746e+04  3.28937e+04
357.0  1.22290e+02  1.03964e+04  3.32612e+04
358.0  1.23327e+02  1.05192e+04  3.36317e+04
359.0  1.24369e+02  1.06431e+04  3.40054e+04
360.0  1.25417e+02  1.07679e+04  3.43822e+04
361.0  1.26471e+02  1.08939e+04  3.47622e+04
362.0  1.27531e+02  1.10209e+04  3.51453e+04
363.0  1.28597e+02  1.11490e+04  3.55316e+04
364.0  1.29668e+02  1.12781e+04  3.59212e+04
365.0  1.30746e+02  1.14083e+04  3.63140e+04
366.0  1.31829e+02  1.15396e+04  3.67100e+04
367.0  1.32919e+02  1.16720e+04  3.71093e+04
368.0  1.34014e+02  1.18054e+04  3.75119e+04
369.0  1.35116e+02  1.19400e+04  3.79178e+04
370.0  1.36223e+02  1.20757e+04  3.83270e+04
371.0  1.37337e+02  1.22124e+04  3.87395e+04
372.0  1.38456e+02  1.23503e+04  3.91554e+04
373.0  1.39582e+02  1.24893e+04  3.95747e+04
374.0  1.40713e+02  1.26295e+04  3.99973e+04
375.0  1.41851e+02  1.27708e+04  4.04234e+04
376.0  1.42995e+02  1.29132e+04  4.08529e+04
377.0  1.44145e+02  1.30568e+04  4.12858e+04
378.0  1.45301e+02  1.32015e+04  4.17222e+04
379.0  1.46463e+02  1.33474e+04  4.21621e+04
380.0  1.47631e+02  1.34944e+04  4.26055e+04
381.0  1.48806e+02  1.36426e+04  4.30524e+04
382.0  1.49987e+02  1.37920e+04  4.35029e+04
383.0  1.51174e+02  1.39426e+04  4.39569e+04
384.0  1.52367e+02  1.40944e+04  4.44145e+04
385.0  1.53566e+02  1.42473e+04  4.48757e+04
386.0  1.54772e+02  1.44015e+04  4.53405e+04
387.0  1.55984e+02  1.45569e+04  4.58089e+04
388.0  1.57202e+02  1.47135e+04  4.62810e+04
389.0  1.58427e+02  1.48713e+04  4.67568e+04
390.0  1.59658e+02  1.50303e+04  4.72362e+04
391.0  1.60895e+02  1.51906e+04  4.77194e+04
392.0  1.62139e+02  1.53521e+04  4.82063e+04
393.0  1.63389e+02  1.55149e+04  4.86969e+04
394.0  1.64645e+02  1.56789e+04  4.91913e+04
395.0  1.65908e+02  1.58442e+04  4.96895e+04
396.0  1.67177e+02  1.60107e+04  5.01915e+04
397.0  1.68453e+02  1.61785e+04  5.06973e+04
398.0  1.69735e+02  1.63476e+04  5.12069e+04
399.0  1.71024e+02  1.65180e+04  5.17205e+04
400.0  1.72319e+02  1.66897e+04  5.22378e+04
401.0  1.73620e+02  1.68627e+04  5.27591e+04
402.0  1.74929e+02  1.70369e+04  5.32844e+04
403.0  1.76243e+02  1.72125e+04  5.38135e+04
404.0  1.77565e+02  1.73894e+04  5.43467e+04
405.0  1.78892e+02  1.75676e+04  5.48838e+04
406.0  1.80227e+02  1.77472e+04  5.54249e+04
407.0  1.81568e+02  1.79281e+04  5.59700e+04
408.0  1.82915e+02  1.81103e+04  5.65191e+04
409.0  1.84270e+02  1.82939e+04  5.70724e+04
410.0  1.85631e+02  1.84789e+04  5.76297e+04
411.0  1.86998e+02  1.86652e+04  5.81911e+04
412.0  1.88372e+02  1.88529e+04  5.87566e+04
413.0  1.89753e+02  1.90419e+04  5.93262e+04
414.0  1.91141e+02  1.92324e+04  5.99000e+04
415.0  1.92536e+02  1.94242e+04  6.04780e+04
416.0  1.93937e+02  1.96175e+04  6.10602e+04
417.0  1.95345e+02  1.98121e+04  6.16467e+04
418.0  1.96759e+02  2.00082e+04  6.22373e+04
419.0  1.98181e+02  2.02056e+04  6.28322e+04
420.0  1.99609e+02  2.04045e+04  6.34314e+04
421.0  2.01045e+02  2.06049e+04  6.40349e+04
422.0  2.02487e+02  2.08066e+04  6.46427e+04
423.0  2.03936e+02  2.10098e+04  6.52549e+04
424.0  2.05391e+02  2.12145e+04  6.58714e+04
425.0  2.06854e+02  2.14206e+04  6.64924e+04
426.0  2.08324e+02  2.16282e+04  6.71177e+04
427.0  2.09800e+02  2.18373e+04  6.77474e+04
428.0  2.11284e+02  2.20478e+04  6.83816e+04
429.0  2.12774e+02  2.22598e+04  6.90203e+04
430.0  2.14272e+02  2.24734e+04  6.96634e+04
431.0  2.15776e+02  2.26884e+04  7.03111e+04
432.0  2.17287e+02  2.29049e+04  7.09632e+04
433.0  2.18806e+02  2.31230e+04  7.16200e+04
434.0  2.20331e+02  2.33425e+04  7.22813e+04
435.0  2.21864e+02  2.35636e+04  7.29472e+04
436.0  2.23404e+02  2.37863e+04  7.36177e+04
437.0  2.24950e+02  2.40104e+04  7.42929e+04
438.0  2.26504e+02  2.42362e+04  7.49727e+04
439.0  2.28065e+02  2.44634e+04  7.56572e+04
440.0  2.29633e+02  2.46923e+04  7.63463e+04
441.0  2.31209e+02  2.49227e+04  7.70403e+04
442.0  2.32791e+02  2.51547e+04  7.77389e+04
443.0  2.34381e+02  2.53883e+04  7.84423e+04
444.0  2.35977e+02  2.56235e+04  7.91505e+04
445.0  2.37582e+02  2.58602e+04  7.98635e+04
446.0  2.39193e+02  2.60986e+04  8.05814e+04
447.0  2.40811e+02  2.63386e+04  8.13041e+04
448.0  2.42437e+02  2.65803e+04  8.20316e+04
449.0  2.44070e+02  2.68235e+04  8.27641e+04
450.0  2.45711e+02  2.70684e+04  8.35015e+04
451.0  2.47359e+02  2.73149e+04  8.42438e+04
452.0  2.49014e+02  2.75631e+04  8.49911e+04
453.0  2.50676e+02  2.78130e+04  8.57433e+04
454.0  2.52346e+02  2.80645e+04  8.65006e+04
455.0  2.54023e+02  2.83177e+04  8.72629e+04
456.0  2.55708e+02  2.85725e+04  8.80302e+04
457.0  2.57400e+02  2.88291e+04  8.88026e+04
458.0  2.59099e+02  2.90873e+04  8.95801e+04
459.0  2.60806e+02  2.93473e+04  9.03628e+04
460.0  2.62521e+02  2.96089e+04  9.11505e+04
461.0  2.64242e+02  2.98723e+04  9.19434e+04
462.0  2.65972e+02  3.01374e+04  9.27415e+04
463.0  2.67709e+02  3.04043e+04  9.35449e+04
464.0  2.69453e+02  3.06729e+04  9.43534e+04
465.0  2.71205e+02  3.09432e+04  9.51672e+04
466.0  2.72965e+02  3.12153e+04  9.59862e+04
467.0  2.74732e+02  3.14891e+04  9.68106e+04
468.0  2.76506e+02  3.17647e+04  9.76403e+04
469.0  2.78289e+02  3.20421e+04  9.84753e+04
470.0  2.80079e+02  3.23213e+04  9.93157e+04
471.0  2.81876e+02  3.26023e+04  1.00161e+05
472.0  2.83682e+02  3.28851e+04  1.01013e+05
473.0  2.85495e+02  3.31697e+04  1.01869e+05
474.0  2.87315e+02  3.34561e+04  1.02731e+05
475.0  2.89143e+02  3.37443e+04  1.03599e+05
476.0  2.90980e+02  3.40343e+04  1.04472e+05
477.0  2.92823e+02  3.43262e+04  1.05351e+05
478.0  2.94675e+02  3.46200e+04  1.06235e+05
479.0  2.96534e+02  3.49156e+04  1.07124e+05
480.0  2.98401e+02  3.52131e+04  1.08020e+05
481.0  3.00276e+02  3.55124e+04  1.08921e+05
482.0  3.02159e+02  3.58136e+04  1.09827e+05
483.0  3.04050e+02  3.61167e+04  1.10739e+05
484.0  3.05948e+02  3.64217e+04  1.11657e+05
485.0  3.07855e+02  3.67286e+04  1.12581e+05
486.0  3.09769e+02  3.70374e+04  1.13510e+05
487.0  3.11691e+02  3.73482e+04  1.14445e+05
488.0  3.13621e+02  3.76608e+04  1.15386e+05
489.0  3.15559e+02  3.79754e+04  1.16333e+05
490.0  3.17505e+02  3.82919e+04  1.17286e+05
491.0  3.19459e+02  3.86104e+04  1.18244e+05
492.0  3.21421e+02  3.89309e+04  1.19208e+05
493.0  3.23391e+02  3.92533e+04  1.20179e+05
494.0  3.25369e+02  3.95776e+04  1.21155e+05
495.0  3.27355e+02  3.99040e+04  1.22137e+05
496.0  3.29349e+02  4.02324e+04  1.23125e+05
497.0  3.31351e+02  4.05627e+04  1.24119e+05
498.0  3.33361e+02  4.08951e+04  1.25119e+05
499.0  3.35380e+02  4.12294e+04  1.26125e+05
500.0  3.37406e+02  4.15658e+04  1.27137e+05