#_____________________
#  T       s         P        epsilon
  5.00 1.6128054204e-14 2.6897593720e-15 7.7950511648e-14
  6.00 1.7642110914e-12 4.1587477829e-13 1.0169391770e-11
  7.00 5.1686000645e-11 1.6286081756e-11 3.4551592276e-10
  8.00 6.6282523873e-10 2.6799550451e-10 5.0346064053e-09
  9.00 4.8922021874e-09 2.4601907891e-09 4.1569628897e-08
 10.00 2.4501564100e-08 1.4952508622e-08 2.3006313238e-07
 11.00 9.2485083417e-08 6.7145271758e-08 9.5019064583e-07
 12.00 2.8222955013e-07 2.3980055064e-07 3.1469540509e-06
 13.00 7.3099842921e-07 7.1696498302e-07 8.7860145967e-06
 14.00 1.6639229094e-06 1.8619677127e-06 2.1432953019e-05
 15.00 3.4147512882e-06 4.3160634216e-06 4.6905205901e-05
 16.00 6.4407619216e-06 9.1150608481e-06 9.3937129898e-05
 17.00 1.1330726450e-05 1.7817423455e-05 1.7480492620e-04
 18.00 1.8806077673e-05 3.2636881017e-05 3.0587251709e-04
 19.00 2.9716266841e-05 5.6573199252e-05 5.0803587072e-04
 20.00 4.5029690595e-05 9.3535969742e-05 8.0705784215e-04
 21.00 6.5821634628e-05 1.4845771801e-04 1.2337966092e-03
 22.00 9.3260545706e-05 2.2739401903e-04 1.8243379865e-03
 23.00 1.2859371102e-04 3.3760950919e-04 2.6200458442e-03
 24.00 1.7313316629e-04 4.8764963413e-04 3.6675463568e-03
 25.00 2.2824241406e-04 6.8739867033e-04 5.0186616811e-03
 26.00 2.9532433092e-04 9.4812503519e-04 6.7303075688e-03
 27.00 3.7581048314e-04 1.2825151958e-03 8.8643678490e-03
 28.00 4.7115195132e-04 1.7046976436e-03 1.1487556993e-02
 29.00 5.8281168078e-04 2.2302584574e-03 1.4671280285e-02
 30.00 7.1225831744e-04 2.8762499655e-03 1.8491499558e-02
 31.00 8.6096145281e-04 3.6611939546e-03 2.3028611083e-02
 32.00 1.0303881801e-03 4.6050807892e-03 2.8367340974e-02
 33.00 1.2220008522e-03 5.7293656965e-03 3.4596662427e-02
 34.00 1.4372559279e-03 7.0569633634e-03 4.1809738186e-02
 35.00 1.6776037926e-03 8.6122418762e-03 5.0103890864e-02
 36.00 1.9444894435e-03 1.0421016922e-02 5.9580603045e-02
 37.00 2.2393539342e-03 1.2510547064e-02 7.0345548500e-02
 38.00 2.5636364787e-03 1.4909530800e-02 8.2508655390e-02
 39.00 2.9187771255e-03 1.7648106012e-02 9.6184201883e-02
 40.00 3.3062199167e-03 2.0757852349e-02 1.1149094432e-01
 41.00 3.7274164571e-03 2.4271796968e-02 1.2855227777e-01
 42.00 4.1838298284e-03 2.8224424033e-02 1.4749642876e-01
 43.00 4.6769387890e-03 3.2651688265e-02 1.6845667966e-01
 44.00 5.2082422110e-03 3.7591032823e-02 1.9157162446e-01
 45.00 5.7792637139e-03 4.3081411719e-02 2.1698545541e-01
 46.00 6.3915564616e-03 4.9163316949e-02 2.4484828029e-01
 47.00 7.0467080977e-03 5.5878810499e-02 2.7531647009e-01
 48.00 7.7463458008e-03 6.3271561337e-02 3.0855303710e-01
 49.00 8.4921414483e-03 7.1386887527e-02 3.4472804344e-01
 50.00 9.2858168814e-03 8.0271803548e-02 3.8401904052e-01
 51.00 1.0129149270e-02 8.9975072933e-02 4.2661153986e-01
 52.00 1.1023976584e-02 1.0054726633e-01 4.7269951605e-01
 53.00 1.1972203169e-02 1.1204082506e-01 5.2248594289e-01
 54.00 1.2975805447e-02 1.2451013036e-01 5.7618336375e-01
 55.00 1.4036837746e-02 1.3801157836e-01 6.3401449765e-01
 56.00 1.5157438277e-02 1.5260366093e-01 6.9621288257e-01
 57.00 1.6339835270e-02 1.6834705266e-01 7.6302355775e-01
 58.00 1.7586353292e-02 1.8530470401e-01 8.3470378694e-01
 59.00 1.8899419754e-02 2.0354194084e-01 9.1152382462e-01
 60.00 2.0281571638e-02 2.2312657069e-01 9.9376772761e-01
 61.00 2.1735462459e-02 2.4412899572e-01 1.0817342142e+00
 62.00 2.3263869465e-02 2.6662233288e-01 1.1757375739e+00
 63.00 2.4869701125e-02 2.9068254133e-01 1.2761086296e+00
 64.00 2.6556004897e-02 3.1638855753e-01 1.3831957559e+00
 65.00 2.8325975307e-02 3.4382243827e-01 1.4973659567e+00
 66.00 3.0182962357e-02 3.7306951187e-01 1.6190060037e+00
 67.00 3.2130480288e-02 4.0421853802e-01 1.7485236413e+00
 68.00 3.4172216703e-02 4.3736187658e-01 1.8863488592e+00
 69.00 3.6312042087e-02 4.7259566561e-01 2.0329352384e+00
 70.00 3.8554019734e-02 5.1002000925e-01 2.1887613721e+00
 71.00 4.0902416102e-02 5.4973917561e-01 2.3543323676e+00
 72.00 4.3361711623e-02 5.9186180533e-01 2.5301814315e+00
 73.00 4.5936611981e-02 6.3650113117e-01 2.7168715435e+00
 74.00 4.8632059890e-02 6.8377520904e-01 2.9149972228e+00
 75.00 5.1453247375e-02 7.3380716123e-01 3.1251863919e+00
 76.00 5.4405628604e-02 7.8672543198e-01 3.3481023419e+00
 77.00 5.7494933261e-02 8.4266405636e-01 3.5844458048e+00
 78.00 6.0727180515e-02 9.0176294266e-01 3.8349571375e+00
 79.00 6.4108693576e-02 9.6416816912e-01 4.1004186234e+00
 80.00 6.7646114878e-02 1.0300322955e+00 4.3816568948e+00
 81.00 7.1346421911e-02 1.0995146902e+00 4.6795454846e+00
 82.00 7.5216943705e-02 1.1727818735e+00 4.9950075103e+00
 83.00 7.9265378009e-02 1.2500078775e+00 5.3290184972e+00
 84.00 8.3499809168e-02 1.3313746240e+00 5.6826093461e+00
 85.00 8.7928726726e-02 1.4170723199e+00 6.0568694518e+00
 86.00 9.2561044770e-02 1.5072998726e+00 6.4529499776e+00
 87.00 9.7406122035e-02 1.6022653240e+00 6.8720672930e+00
 88.00 1.0247378278e-01 1.7021863058e+00 7.3155065787e+00
 89.00 1.0777433845e-01 1.8072905156e+00 7.7846256068e+00
 90.00 1.1331861019e-01 1.9178162154e+00 8.2808587014e+00
 91.00 1.1911795207e-01 2.0340127531e+00 8.8057208853e+00
 92.00 1.2518427528e-01 2.1561411069e+00 9.3608122191e+00
 93.00 1.3153007306e-01 2.2844744551e+00 9.9478223394e+00
 94.00 1.3816844650e-01 2.4192987712e+00 1.0568535199e+01
 95.00 1.4511313122e-01 2.5609134445e+00 1.1224834022e+01
 96.00 1.5237852493e-01 2.7096319290e+00 1.1918706464e+01
 97.00 1.5997971574e-01 2.8657824188e+00 1.2652250008e+01
 98.00 1.6793251151e-01 3.0297085538e+00 1.3427677574e+01
 99.00 1.7625346986e-01 3.2017701540e+00 1.4247323362e+01
100.00 1.8495992926e-01 3.3823439848e+00 1.5113648941e+01
101.00 1.9407004077e-01 3.5718245538e+00 1.6029249563e+01
102.00 2.0360280077e-01 3.7706249394e+00 1.6996860739e+01
103.00 2.1357808447e-01 3.9791776531e+00 1.8019365048e+01
104.00 2.2401668029e-01 4.1979355352e+00 1.9099799215e+01
105.00 2.3494032498e-01 4.4273726857e+00 2.0241361437e+01
106.00 2.4637173962e-01 4.6679854304e+00 2.1447418970e+01
107.00 2.5833466641e-01 4.9202933239e+00 2.2721515982e+01
108.00 2.7085390613e-01 5.1848401887e+00 2.4067381674e+01
109.00 2.8395535648e-01 5.4621951937e+00 2.5488938662e+01
110.00 2.9766605101e-01 5.7529539700e+00 2.6990311642e+01
111.00 3.1201419889e-01 6.0577397667e+00 2.8575836311e+01
112.00 3.2702922522e-01 6.3772046467e+00 3.0250068578e+01
113.00 3.4274181207e-01 6.7120307229e+00 3.2017794041e+01
114.00 3.5918394011e-01 7.0629314363e+00 3.3884037736e+01
115.00 3.7638893083e-01 7.4306528753e+00 3.5854074171e+01
116.00 3.9439148934e-01 7.8159751380e+00 3.7933437625e+01
117.00 4.1322774758e-01 8.2197137375e+00 4.0127932730e+01
118.00 4.3293530821e-01 8.6427210505e+00 4.2443645318e+01
119.00 4.5355328874e-01 9.0858878099e+00 4.4886953551e+01
120.00 4.7512236623e-01 9.5501446425e+00 4.7464539305e+01
121.00 4.9768482226e-01 1.0036463650e+01 5.0183399843e+01
122.00 5.2128458831e-01 1.0545860038e+01 5.3050859735e+01
123.00 5.4596729137e-01 1.1079393787e+01 5.6074583051e+01
124.00 5.7178029985e-01 1.1638171370e+01 5.9262585811e+01
125.00 5.9877276969e-01 1.2223347520e+01 6.2623248691e+01
126.00 6.2699569062e-01 1.2836127038e+01 6.6165329980e+01
127.00 6.5650193259e-01 1.3477766653e+01 6.9897978786e+01
128.00 6.8734629225e-01 1.4149576921e+01 7.3830748487e+01
129.00 7.1958553946e-01 1.4852924178e+01 7.7973610412e+01
130.00 7.5327846388e-01 1.5589232536e+01 8.2336967768e+01
131.00 7.8848592142e-01 1.6359985926e+01 8.6931669780e+01
132.00 8.2527088069e-01 1.7166730189e+01 9.1769026063e+01
133.00 8.6369846926e-01 1.8011075206e+01 9.6860821205e+01
134.00 9.0383601979e-01 1.8894697089e+01 1.0221932956e+02
135.00 9.4575311591e-01 1.9819340402e+01 1.0785733025e+02
136.00 9.8952163794e-01 2.0786820437e+01 1.1378812232e+02
137.00 1.0352158082e+00 2.1799025534e+01 1.2002554019e+02
138.00 1.0829122360e+00 2.2857919446e+01 1.2658396913e+02
139.00 1.1326899625e+00 2.3965543745e+01 1.3347836104e+02
140.00 1.1846305046e+00 2.5124020281e+01 1.4072425037e+02
141.00 1.2388178992e+00 2.6335553677e+01 1.4833777011e+02
142.00 1.2953387461e+00 2.7602433868e+01 1.5633566808e+02
143.00 1.3542822509e+00 2.8927038692e+01 1.6473532319e+02
144.00 1.4157402676e+00 3.0311836511e+01 1.7355476202e+02
145.00 1.4798073395e+00 3.1759388882e+01 1.8281267535e+02
146.00 1.5465807411e+00 3.3272353269e+01 1.9252843493e+02
147.00 1.6161605176e+00 3.4853485791e+01 2.0272211030e+02
148.00 1.6886495254e+00 3.6505644016e+01 2.1341448574e+02
149.00 1.7641534701e+00 3.8231789789e+01 2.2462707726e+02
150.00 1.8427809457e+00 4.0034992101e+01 2.3638214976e+02
151.00 1.9246434714e+00 4.1918429998e+01 2.4870273419e+02
152.00 2.0098555283e+00 4.3885395521e+01 2.6161264479e+02
153.00 2.0985345954e+00 4.5939296691e+01 2.7513649641e+02
154.00 2.1908011843e+00 4.8083660518e+01 2.8929972187e+02
155.00 2.2867788736e+00 5.0322136058e+01 3.0412858935e+02
156.00 2.3865943417e+00 5.2658497490e+01 3.1965021981e+02
157.00 2.4903773992e+00 5.5096647236e+01 3.3589260444e+02
158.00 2.5982610206e+00 5.7640619108e+01 3.5288462214e+02
159.00 2.7103813739e+00 6.0294581486e+01 3.7065605697e+02
160.00 2.8268778510e+00 6.3062840527e+01 3.8923761563e+02
161.00 2.9478930952e+00 6.5949843407e+01 4.0866094492e+02
162.00 3.0735730291e+00 6.8960181578e+01 4.2895864913e+02
163.00 3.2040668811e+00 7.2098594067e+01 4.5016430755e+02
164.00 3.3395272105e+00 7.5369970795e+01 4.7231249173e+02
165.00 3.4801099323e+00 7.8779355915e+01 4.9543878291e+02
166.00 3.6259743399e+00 8.2331951184e+01 5.1957978924e+02
167.00 3.7772831281e+00 8.6033119350e+01 5.4477316305e+02
168.00 3.9342024139e+00 8.9888387568e+01 5.7105761797e+02
169.00 4.0969017567e+00 9.3903450825e+01 5.9847294606e+02
170.00 4.2655541776e+00 9.8084175402e+01 6.2706003480e+02
171.00 4.4403361773e+00 1.0243660233e+02 6.5686088399e+02
172.00 4.6214277532e+00 1.0696695091e+02 6.8791862264e+02
173.00 4.8090124152e+00 1.1168162216e+02 7.2027752566e+02
174.00 5.0032772005e+00 1.1658720241e+02 7.5398303047e+02
175.00 5.2044126876e+00 1.2169046676e+02 7.8908175357e+02
176.00 5.4126130089e+00 1.2699838269e+02 8.2562150688e+02
177.00 5.6280758624e+00 1.3251811358e+02 8.6365131406e+02
178.00 5.8510025220e+00 1.3825702231e+02 9.0322142660e+02
179.00 6.0815978474e+00 1.4422267481e+02 9.4438333987e+02
180.00 6.3200702924e+00 1.5042284367e+02 9.8718980897e+02
181.00 6.5666319126e+00 1.5686551174e+02 1.0316948644e+03
182.00 6.8214983714e+00 1.6355887573e+02 1.0779538279e+03
183.00 7.0848889457e+00 1.7051134982e+02 1.1260233272e+03
184.00 7.3570265300e+00 1.7773156926e+02 1.1759613123e+03
185.00 7.6381376401e+00 1.8522839401e+02 1.2278270694e+03
186.00 7.9284524151e+00 1.9301091238e+02 1.2816812368e+03
187.00 8.2282046192e+00 2.0108844461e+02 1.3375858192e+03
188.00 8.5376316415e+00 2.0947054652e+02 1.3956042021e+03
189.00 8.8569744960e+00 2.1816701313e+02 1.4558011666e+03
190.00 9.1864778196e+00 2.2718788230e+02 1.5182429034e+03
191.00 9.5263898700e+00 2.3654343831e+02 1.5829970269e+03
192.00 9.8769625219e+00 2.4624421553e+02 1.6501325887e+03
193.00 1.0238451263e+01 2.5630100201e+02 1.7197200918e+03
194.00 1.0611115189e+01 2.6672484308e+02 1.7918315037e+03
195.00 1.0995216997e+01 2.7752704497e+02 1.8665402695e+03
196.00 1.1391022979e+01 2.8871917842e+02 1.9439213255e+03
197.00 1.1798803013e+01 3.0031308224e+02 2.0240511112e+03
198.00 1.2218830554e+01 3.1232086691e+02 2.1070075829e+03
199.00 1.2651382630e+01 3.2475491816e+02 2.1928702252e+03
200.00 1.3096739823e+01 3.3762790051e+02 2.2817200640e+03
