check a
check b
check me
will read res info from /Users/scottepratt/git/rhic/b3d/trunk/resinfo/resonances_standardhadrons.dat
NResonances=55
will read decay info from resinfo/decays_weak.dat
#_____________________
#  T       s         P        epsilon
  3.00 1.4020171435e-22 8.7592159809e-24 4.1184592708e-22
  4.00 1.4751820584e-17 1.6050967225e-18 5.7402185615e-17
  5.00 1.6055541508e-14 2.6772671466e-15 7.7600440392e-14
  6.00 1.7576116738e-12 4.1425656415e-13 1.0131413479e-11
  7.00 5.1521285487e-11 1.6231719693e-11 3.4441727871e-10
  8.00 6.6099324322e-10 2.6721434125e-10 5.0207316045e-09
  9.00 4.8803099061e-09 2.4538410435e-09 4.1468948111e-08
 10.00 2.4448588900e-08 1.4917952570e-08 2.2956793643e-07
 11.00 9.2305575739e-08 6.7005045674e-08 9.4835628745e-07
 12.00 2.8173397755e-07 2.3934452014e-07 3.1414632105e-06
 13.00 7.2982954559e-07 7.1571531503e-07 8.7720687777e-06
 14.00 1.6614862354e-06 1.8589765004e-06 2.1401830795e-05
 15.00 3.4101490018e-06 4.3096417473e-06 4.6842593280e-05
 16.00 6.4327380514e-06 9.1024468353e-06 9.3821361986e-05
 17.00 1.1317628464e-05 1.7794403417e-05 1.7460528048e-04
 18.00 1.8785836541e-05 3.2597381374e-05 3.0554767637e-04
 19.00 2.9686395145e-05 5.6508867652e-05 5.0753264010e-04
 20.00 4.4987296536e-05 9.3435762472e-05 8.0631016825e-04
 21.00 6.5763448880e-05 1.4830750811e-04 1.2327249184e-03
 22.00 9.3182957734e-05 2.2717623627e-04 1.8228488339e-03
 23.00 1.2849281162e-04 3.3730281976e-04 2.6180318475e-03
 24.00 1.7300479351e-04 4.8722866474e-04 3.6648863794e-03
 25.00 2.2808220006e-04 6.8683377888e-04 5.0152212226e-03
 26.00 2.9512774806e-04 9.4738212809e-04 6.7259393213e-03
 27.00 3.7557288779e-04 1.2815555903e-03 8.8589123799e-03
 28.00 4.7086862469e-04 1.7034779725e-03 1.1480843519e-02
 29.00 5.8247786619e-04 2.2287306127e-03 1.4663127507e-02
 30.00 7.1186925395e-04 2.8743610778e-03 1.8481716541e-02
 31.00 8.6051240547e-04 3.6588864043e-03 2.3016998165e-02
 32.00 1.0298744675e-03 4.6022922461e-03 2.8353690712e-02
 33.00 1.2214178719e-03 5.7260291865e-03 3.4580760586e-02
 34.00 1.4365991817e-03 7.0530073600e-03 4.1791364817e-02
 35.00 1.6768689126e-03 8.6075904174e-03 5.0082821523e-02
 36.00 1.9436722215e-03 1.0415589755e-02 5.9556610218e-02
 37.00 2.2384503563e-03 1.2504259823e-02 7.0318403360e-02
 38.00 2.5626427689e-03 1.4902295218e-02 8.2478130000e-02
 39.00 2.9176898001e-03 1.7639830189e-02 9.6150072014e-02
 40.00 3.3050358533e-03 2.0748441074e-02 1.1145299306e-01
 41.00 3.7261329819e-03 2.4261152126e-02 1.2851030013e-01
 42.00 4.1824448235e-03 2.8212445100e-02 1.4745023749e-01
 43.00 4.6754508236e-03 3.2638272934e-02 1.6840611248e-01
 44.00 5.2066506971e-03 3.7576077762e-02 1.9151655291e-01
 45.00 5.7775690876e-03 4.3064813504e-02 2.1692579544e-01
 46.00 6.3897603888e-03 4.9144973189e-02 2.4478400469e-01
 47.00 7.0448137008e-03 5.5858621176e-02 2.7524762276e-01
 48.00 7.7443579012e-03 6.3249430387e-02 3.0847974887e-01
 49.00 8.4900668146e-03 7.1362724659e-02 3.4465054926e-01
 50.00 9.2836644712e-03 8.0245526314e-02 3.8393769724e-01
 51.00 1.0126930448e-02 8.9946609030e-02 4.2652684384e-01
 52.00 1.1021705294e-02 1.0051655609e-01 4.7261211918e-01
 53.00 1.1969896027e-02 1.1200782411e-01 5.2239666534e-01
 54.00 1.2973481731e-02 1.2447481228e-01 5.7609320121e-01
 55.00 1.4034519224e-02 1.3797393724e-01 6.3392462008e-01
 56.00 1.5155148833e-02 1.5256371377e-01 6.9612462089e-01
 57.00 1.6337600263e-02 1.6830484113e-01 7.6293837386e-01
 58.00 1.7584198572e-02 1.8526029546e-01 8.3462322173e-01
 59.00 1.8897370263e-02 2.0349542820e-01 9.1144941734e-01
 60.00 2.0279649487e-02 2.2307807057e-01 9.9370089866e-01
 61.00 2.1733684373e-02 2.4407864439e-01 1.0816761023e+00
 62.00 2.3262243483e-02 2.6657027931e-01 1.1756888166e+00
 63.00 2.4868222401e-02 2.9062893647e-01 1.2760690748e+00
 64.00 2.6554650448e-02 3.1633353893e-01 1.3831640897e+00
 65.00 2.8324697533e-02 3.4376610874e-01 1.4973392309e+00
 66.00 3.0181681141e-02 3.7301191111e-01 1.6189790442e+00
 67.00 3.2129073448e-02 4.0415960546e-01 1.7484883156e+00
 68.00 3.4170508570e-02 4.3730140373e-01 1.8862931790e+00
 69.00 3.6309789941e-02 4.7253323605e-01 2.0328422699e+00
 70.00 3.8550897812e-02 5.0995492373e-01 2.1886079231e+00
 71.00 4.0897996876e-02 5.4967035994e-01 2.3540874182e+00
 72.00 4.3355443999e-02 5.9178769795e-01 2.5298042700e+00
 73.00 4.5927796074e-02 6.3641954728e-01 2.7163095662e+00
 74.00 4.8619817963e-02 6.8368317764e-01 2.9141833516e+00
 75.00 5.1436490544e-02 7.3370073094e-01 3.1240360599e+00
 76.00 5.4383018848e-02 7.8659944138e-01 3.3465099911e+00
 77.00 5.7464840270e-02 8.4251186367e-01 3.5822808371e+00
 78.00 6.0687632859e-02 9.0157610955e-01 3.8320592535e+00
 79.00 6.4057323672e-02 9.6393609260e-01 4.0965924775e+00
 80.00 6.7580097180e-02 1.0297417815e+00 4.3766659929e+00
 81.00 7.1262403722e-02 1.0991494616e+00 4.6731052399e+00
 82.00 7.5110968004e-02 1.1723220050e+00 4.9867773713e+00
 83.00 7.9132797612e-02 1.2494291495e+00 5.3185930524e+00
 84.00 8.3335191561e-02 1.3306477851e+00 5.6695083061e+00
 85.00 8.7725748838e-02 1.4161622503e+00 6.0405264009e+00
 86.00 9.2312376953e-02 1.5061646362e+00 6.4326997818e+00
 87.00 9.7103300483e-02 1.6008550990e+00 6.8471320430e+00
 88.00 1.0210706959e-01 1.7004421819e+00 7.2849799416e+00
 89.00 1.0733256849e-01 1.8051431443e+00 7.7474554514e+00
 90.00 1.1278902396e-01 1.9151843005e+00 8.2358278558e+00
 91.00 1.1848601367e-01 2.0308013663e+00 8.7514258777e+00
 92.00 1.2443347458e-01 2.1522398142e+00 9.2956398471e+00
 93.00 1.3064171118e-01 2.2797552366e+00 9.8699239033e+00
 94.00 1.3712140372e-01 2.4136137176e+00 1.0475798232e+01
 95.00 1.4388361627e-01 2.5540922130e+00 1.1114851333e+01
 96.00 1.5093980480e-01 2.7014789377e+00 1.1788742323e+01
 97.00 1.5830182502e-01 2.8560737619e+00 1.2499203265e+01
 98.00 1.6598194021e-01 3.0181886148e+00 1.3248041526e+01
 99.00 1.7399282890e-01 3.1881478955e+00 1.4037142166e+01
100.00 1.8234759235e-01 3.3662888927e+00 1.4868470342e+01
101.00 1.9105976200e-01 3.5529622107e+00 1.5744073751e+01
102.00 2.0014330668e-01 3.7485322034e+00 1.6666085078e+01
103.00 2.0961263973e-01 3.9533774152e+00 1.7636724477e+01
104.00 2.1948262589e-01 4.1678910288e+00 1.8658302064e+01
105.00 2.2976858807e-01 4.3924813205e+00 1.9733220427e+01
106.00 2.4048631393e-01 4.6275721210e+00 2.0863977155e+01
107.00 2.5165206223e-01 4.8736032839e+00 2.2053167375e+01
108.00 2.6328256908e-01 5.1310311596e+00 2.3303486301e+01
109.00 2.7539505389e-01 5.4003290759e+00 2.4617731798e+01
110.00 2.8800722516e-01 5.6819878240e+00 2.5998806944e+01
111.00 3.0113728612e-01 5.9765161506e+00 2.7449722608e+01
112.00 3.1480394000e-01 6.2844412550e+00 2.8973600025e+01
113.00 3.2902639529e-01 6.6063092920e+00 3.0573673376e+01
114.00 3.4382437057e-01 6.9426858798e+00 3.2253292365e+01
115.00 3.5921809925e-01 7.2941566119e+00 3.4015924802e+01
116.00 3.7522833405e-01 7.6613275745e+00 3.5865159175e+01
117.00 3.9187635120e-01 8.0448258682e+00 3.7804707222e+01
118.00 4.0918395445e-01 8.4453001331e+00 3.9838406492e+01
119.00 4.2717347883e-01 8.8634210782e+00 4.1970222902e+01
120.00 4.4586779415e-01 9.2998820151e+00 4.4204253283e+01
121.00 4.6529030830e-01 9.7553993935e+00 4.6544727911e+01
122.00 4.8546497025e-01 1.0230713342e+01 4.8996013029e+01
123.00 5.0641627284e-01 1.0726588208e+01 5.1562613351e+01
124.00 5.2816925534e-01 1.1243813108e+01 5.4249174554e+01
125.00 5.5074950570e-01 1.1783202469e+01 5.7060485744e+01
126.00 5.7418316265e-01 1.2345596582e+01 6.0001481912e+01
127.00 5.9849691746e-01 1.2931862154e+01 6.3077246363e+01
128.00 6.2371801550e-01 1.3542892858e+01 6.6293013126e+01
129.00 6.4987425759e-01 1.4179609893e+01 6.9654169336e+01
130.00 6.7699400103e-01 1.4842962534e+01 7.3166257600e+01
131.00 7.0510616047e-01 1.5533928694e+01 7.6834978327e+01
132.00 7.3424020847e-01 1.6253515479e+01 8.0666192040e+01
133.00 7.6442617590e-01 1.7002759745e+01 8.4665921649e+01
134.00 7.9569465202e-01 1.7782728661e+01 8.8840354710e+01
135.00 8.2807678442e-01 1.8594520262e+01 9.3195845635e+01
136.00 8.6160427867e-01 1.9439264010e+01 9.7738917888e+01
137.00 8.9630939776e-01 2.0318121354e+01 1.0247626614e+02
138.00 9.3222496134e-01 2.1232286281e+01 1.0741475838e+02
139.00 9.6938434471e-01 2.2182985877e+01 1.1256143804e+02
140.00 1.0078214776e+00 2.3171480881e+01 1.1792352599e+02
141.00 1.0475708429e+00 2.4199066237e+01 1.2350842262e+02
142.00 1.0886674748e+00 2.5267071650e+01 1.2932370977e+02
143.00 1.1311469571e+00 2.6376862131e+01 1.3537715273e+02
144.00 1.1750454212e+00 2.7529838552e+01 1.4167670209e+02
145.00 1.2203995438e+00 2.8727438187e+01 1.4823049567e+02
146.00 1.2672465449e+00 2.9971135260e+01 1.5504686029e+02
147.00 1.3156241844e+00 3.1262441483e+01 1.6213431363e+02
148.00 1.3655707603e+00 3.2602906601e+01 1.6950156593e+02
149.00 1.4171251051e+00 3.3994118921e+01 1.7715752174e+02
150.00 1.4703265829e+00 3.5437705850e+01 1.8511128159e+02
151.00 1.5252150863e+00 3.6935334423e+01 1.9337214361e+02
152.00 1.5818310327e+00 3.8488711831e+01 2.0194960514e+02
153.00 1.6402153610e+00 4.0099585943e+01 2.1085336429e+02
154.00 1.7004095277e+00 4.1769745827e+01 2.2009332144e+02
155.00 1.7624555031e+00 4.3501022263e+01 2.2967958072e+02
156.00 1.8263957673e+00 4.5295288257e+01 2.3962245145e+02
157.00 1.8922733063e+00 4.7154459550e+01 2.4993244953e+02
158.00 1.9601316071e+00 4.9080495118e+01 2.6062029880e+02
159.00 2.0300146541e+00 5.1075397674e+01 2.7169693233e+02
160.00 2.1019669242e+00 5.3141214162e+01 2.8317349371e+02
161.00 2.1760333821e+00 5.5280036246e+01 2.9506133828e+02
162.00 2.2522594760e+00 5.7494000799e+01 3.0737203431e+02
163.00 2.3306911323e+00 5.9785290381e+01 3.2011736418e+02
164.00 2.4113747510e+00 6.2156133713e+01 3.3330932546e+02
165.00 2.4943572007e+00 6.4608806154e+01 3.4696013197e+02
166.00 2.5796858134e+00 6.7145630164e+01 3.6108221486e+02
167.00 2.6674083793e+00 6.9768975761e+01 3.7568822358e+02
168.00 2.7575731416e+00 7.2481260983e+01 3.9079102681e+02
169.00 2.8502287915e+00 7.5284952335e+01 4.0640371343e+02
170.00 2.9454244622e+00 7.8182565234e+01 4.2253959333e+02
171.00 3.0432097238e+00 8.1176664451e+01 4.3921219832e+02
172.00 3.1436345780e+00 8.4269864542e+01 4.5643528288e+02
173.00 3.2467494521e+00 8.7464830276e+01 4.7422282494e+02
174.00 3.3526051937e+00 9.0764277064e+01 4.9258902664e+02
175.00 3.4612530648e+00 9.4170971369e+01 5.1154831497e+02
176.00 3.5727447364e+00 9.7687731122e+01 5.3111534249e+02
177.00 3.6871322826e+00 1.0131742613e+02 5.5130498788e+02
178.00 3.8044681745e+00 1.0506297847e+02 5.7213235660e+02
179.00 3.9248052753e+00 1.0892736288e+02 5.9361278140e+02
180.00 4.0481968333e+00 1.1291360716e+02 6.1576182283e+02
181.00 4.1746964771e+00 1.1702479257e+02 6.3859526979e+02
182.00 4.3043582091e+00 1.2126405414e+02 6.6212913991e+02
183.00 4.4372363996e+00 1.2563458113e+02 6.8637968000e+02
184.00 4.5733857816e+00 1.3013961734e+02 7.1136336647e+02
185.00 4.7128614438e+00 1.3478246145e+02 7.3709690565e+02
186.00 4.8557188257e+00 1.3956646746e+02 7.6359723413e+02
187.00 5.0020137112e+00 1.4449504494e+02 7.9088151905e+02
188.00 5.1518022225e+00 1.4957165942e+02 8.1896715842e+02
189.00 5.3051408148e+00 1.5479983274e+02 8.4787178126e+02
190.00 5.4620862698e+00 1.6018314333e+02 8.7761324793e+02
191.00 5.6226956901e+00 1.6572522660e+02 9.0820965022e+02
192.00 5.7870264934e+00 1.7142977517e+02 9.3967931156e+02
193.00 5.9551364062e+00 1.7730053928e+02 9.7204078711e+02
194.00 6.1270834585e+00 1.8334132703e+02 1.0053128639e+03
195.00 6.3029259776e+00 1.8955600468e+02 1.0395145609e+03
196.00 6.4827225824e+00 1.9594849701e+02 1.0746651291e+03
197.00 6.6665321777e+00 2.0252278751e+02 1.1107840515e+03
198.00 6.8544139482e+00 2.0928291875e+02 1.1478910430e+03
199.00 7.0464273531e+00 2.1623299261e+02 1.1860060506e+03
200.00 7.2426321199e+00 2.2337717058e+02 1.2251492534e+03
