T I E P S E/P CS2 (GeV^n)
0.01 4.25697422264e-06 4.97634639451e-06 2.39790723955e-07 5.21613711846e-06 0.0481860997899 0.0497251560226
0.011 3.48545564452e-05 4.09653688112e-05 2.03693745532e-06 4.30023062665e-05 0.0497234008734 0.0531612948296
0.012 0.000168449939945 0.000200369888865 1.06399829733e-05 0.000211009871838 0.0531017062172 0.0579665028193
0.013 0.000563538337631 0.000681538183386 3.93332819183e-05 0.000720871465305 0.0577125139532 0.0637581838348
0.014 0.00144776900431 0.00178591061201 0.000112713869234 0.00189862448124 0.0631128279747 0.0702477260956
0.015 0.0030630837957 0.00386265189057 0.000266522698292 0.00412917458886 0.0689999269523 0.0772080633494
0.016 0.00560186805432 0.00723291965886 0.000543683868179 0.00777660352704 0.0751679672694 0.0844585612254
0.017 0.00916532028727 0.0121302517531 0.00098831048862 0.0131185622418 0.0814748538392 0.0918559103163
0.018 0.0137538485403 0.0186736387824 0.00163993008071 0.0203135688631 0.0878205956435 0.099287123699
0.019 0.0192821429124 0.02687036164 0.00252940624253 0.0293997678826 0.0941336881288 0.106663882305
0.02 0.0256060686918 0.0366370170118 0.00367698277331 0.0403139997851 0.100362504189 0.113918006217
0.021 0.0325507843075 0.0478272438013 0.0050921531646 0.0529193969659 0.106469718091 0.120997826259
0.022 0.0399340976122 0.0602583925106 0.00677476496614 0.0670331574768 0.11242857109 0.127865234759
0.023 0.0475829844159 0.0737332968111 0.00871677079838 0.0824500676094 0.118220277343 0.134493242048
0.024 0.0553435567535 0.0880560795598 0.0109041742688 0.0989602538285 0.123832156999 0.140863920016
0.025 0.0630858108128 0.103042454565 0.0133188812507 0.116361335816 0.129256249834 0.146966656489
0.026 0.0707047028736 0.118525612748 0.0159403032915 0.13446591604 0.134488258883 0.15279667125
0.027 0.0781189173169 0.134358884516 0.0187466557329 0.153105540249 0.139526729479 0.158353759562
0.028 0.0852683702138 0.150416225668 0.021715951818 0.172132177486 0.144372402124 0.163641236513
0.029 0.0921111726563 0.166591347514 0.0248267249526 0.191418072467 0.149027697555 0.168665058904
0.03 0.0986205153712 0.182796086997 0.0280585238753 0.210854610872 0.153496304742 0.173433103091
0.031 0.104781742187 0.198958423881 0.0313922272313 0.230350651112 0.157782850401 0.177954578278
0.032 0.11058974721 0.215020407604 0.0348102201312 0.249830627735 0.161892633909 0.182239555989
0.033 0.116046745607 0.230936152474 0.0382964689557 0.26923262143 0.165831415071 0.186298597882
0.034 0.121160417179 0.246669988641 0.0418365238209 0.288506512462 0.169605244851 0.190142465727
0.035 0.125942394407 0.262194809581 0.0454174717247 0.307612281306 0.173220331086 0.19378189921
0.036 0.130407053915 0.277490627525 0.0490278578698 0.326518485395 0.176682932707 0.197227449046
0.037 0.134570566624 0.292543330992 0.0526575881226 0.345200919114 0.179999277181 0.200489354709
0.038 0.13845016325 0.307343629152 0.0562978219675 0.36364145112 0.18317549683 0.203577457727
0.039 0.14206357583 0.321886163442 0.0599408625371 0.381827025979 0.186217580452 0.20650114301
0.04 0.145428620999 0.336168765584 0.0635800481949 0.399748813779 0.189131337304 0.209269302029
0.041 0.148562896006 0.350191841781 0.0672096485916 0.417401490373 0.191922371035 0.211890312772
0.042 0.151483563408 0.36395786435 0.0708247669807 0.43478263133 0.194596061572 0.214372032417
0.043 0.154207204774 0.377470954077 0.0744212497678 0.451892203845 0.197157553353 0.216721799459
0.044 0.156749727555 0.390736538668 0.0779956037041 0.468732142372 0.199611748546 0.218946442704
0.045 0.159126312451 0.40376107469 0.0815449207465 0.485305995437 0.201963304187 0.221052295115
0.046 0.161351391261 0.416551822326 0.085066810355 0.501618632681 0.204216632351 0.223045210912
0.047 0.16343864737 0.429116663889 0.0885593388398 0.517676002729 0.206375902621 0.224930584741
0.048 0.165401032715 0.441463958551 0.0920209752785 0.533484933829 0.208445046297 0.226713371961
0.049 0.167250796537 0.453602426988 0.0954505434836 0.549052970471 0.210427761856 0.228398109379
0.05 0.168999522248 0.465541060709 0.0988471794871 0.564388240196 0.212327521307 0.229988935915
0.051 0.170658169686 0.477289051746 0.10221029402 0.579499345767 0.214147577126 0.231489612835
0.052 0.172237120664 0.488855739138 0.105539539491 0.594395278629 0.215890969547 0.232903543307
0.053 0.173746226286 0.500250569267 0.108834780994 0.609085350261 0.21756053402 0.234233791106
0.054 0.175194854894 0.511483067649 0.112096070918 0.623579138567 0.219158908688 0.235483098387
0.055 0.176591939854 0.52256282017 0.115323626772 0.637886446942 0.220688541781 0.236653902476
0.056 0.177946026623 0.533499462181 0.118517811853 0.652017274034 0.222151698838 0.23774835168
0.057 0.179265318731 0.544302674104 0.121679118458 0.665981792561 0.223550469705 0.238768320139
0.058 0.180557722445 0.554982182476 0.124808153344 0.679790335819 0.22488677526 0.239715421789
0.059 0.181830890027 0.565547765565 0.12790562518 0.693453390745 0.226162373839 0.240591023484
0.06 0.183092261517 0.576009262832 0.130972333772 0.706981596604 0.22737886736 0.241396257389
0.061 0.184349105104 0.586376587673 0.134009160856 0.720385748529 0.228537707121 0.242132032708
0.062 0.185608556119 0.596659742987 0.137017062289 0.733676805276 0.229640199292 0.242799046877
0.063 0.186877654775 0.606868839197 0.139997061474 0.746865900671 0.230687510104 0.243397796316
0.064 0.188163382764 0.61701411444 0.142950243892 0.759964358332 0.231680670744 0.243928586855
0.065 0.189472698844 0.6271059567 0.145877752619 0.772983709319 0.232620581993 0.244391543957
0.066 0.190812573562 0.637154927714 0.148780784717 0.785935712431 0.233508018609 0.244786622849
0.067 0.192190023263 0.647171788529 0.151660588422 0.798832376951 0.234343633499 0.245113618687
0.068 0.193612143523 0.65716752661 0.154518461029 0.81168598764 0.235127961703 0.245372176878
0.069 0.195086142163 0.667153384448 0.157355747428 0.824509131877 0.235861424219 0.245561803676
0.07 0.196619371993 0.677140889626 0.160173839211 0.837314728837 0.236544331711 0.245681877175
0.071 0.198219363413 0.687141886332 0.162974174307 0.850116060639 0.237176888134 0.245731658818
0.072 0.199893857018 0.697168568322 0.165758237101 0.862926805423 0.237759194308 0.245710305533
0.073 0.201650836349 0.707233513343 0.168527558998 0.875761072341 0.238291251501 0.245616882609
0.074 0.203498560892 0.717349719052 0.171283719386 0.888633438438 0.238772965037 0.245450377407
0.075 0.205445599477 0.727530640455 0.174028346993 0.901558987448 0.239204147998 0.245209714012
0.076 0.207500864167 0.737790228927 0.176763121587 0.914553350514 0.239584525054 0.244893768883
0.077 0.20967364476 0.748142972834 0.179489776025 0.927632748859 0.239913736468 0.24450138759
0.078 0.211973644009 0.758603939836 0.182210098609 0.940814038445 0.240191342334 0.244031402671
0.079 0.214411013644 0.769188820898 0.184925935751 0.954114756649 0.240416827087 0.24348265264
0.08 0.216996391292 0.779913976078 0.187639194929 0.967553171006 0.240589604346 0.242854002143
0.081 0.219740938372 0.790796482131 0.19035184792 0.981148330051 0.240709022133 0.242144363247
0.082 0.222656379038 0.801854181977 0.193065934313 0.99492011629 0.240774368523 0.241352717789
0.083 0.225755040224 0.813105736071 0.195783565283 1.00888930135 0.240784877781 0.240478140709
0.084 0.229049892842 0.824570675713 0.198506927624 1.02307760334 0.240739737018 0.239519824223
0.085 0.232554594175 0.836269458307 0.201238288044 1.03750774635 0.240638093434 0.238477102682
0.086 0.236283531471 0.848223524592 0.203979997707 1.0522035223 0.240479062173 0.237349477888
0.087 0.240251866754 0.860455357827 0.206734497024 1.06718985485 0.24026173484 0.236136644641
0.088 0.244475582841 0.872988544912 0.209504320691 1.0824928656 0.239985188708 0.234838516193
0.089 0.248971530507 0.885847839404 0.212292102966 1.09813994237 0.239648496641 0.23345524931
0.09 0.253757476772 0.899059226339 0.215100583189 1.11415980953 0.239250737757 0.231987268541
0.091 0.258852154183 0.91264998878 0.217932611532 1.13058260031 0.238791008833 0.230435289319
0.092 0.264275311011 0.926648775951 0.22079115498 1.14743993093 0.238268436445 0.228800339465
0.093 0.270047762173 0.941085672772 0.223679303533 1.16476497631 0.237682189842 0.22708377864
0.094 0.276191440709 0.9559922706 0.22660027663 1.18259254723 0.2370314945 0.22528731533
0.095 0.282729449568 0.971401738887 0.229557429773 1.20095916866 0.236315646332 0.223413020899
0.096 0.289686113402 0.987348897447 0.232554261348 1.21990315879 0.235534026472 0.221463340309
0.097 0.297087030035 1.00387028893 0.235594419632 1.23946470856 0.234686116553 0.21944109911
0.098 0.30495912119 1.02100425107 0.238681709959 1.25968596103 0.233771514379 0.21734950637
0.099 0.313330681991 1.0387909881 0.241820102035 1.28061109013 0.232789949861 0.215192153264
0.1 0.322231428688 1.0572726408 0.24501373737 1.30228637817 0.231741301076 0.212973007118
0.101 0.331692543952 1.07649335438 0.24826693681 1.32476029119 0.230625610274 0.210696400793
0.102 0.341746719009 1.09649934337 0.251584208122 1.3480835515 0.229443099663 0.208367017385
0.103 0.35242819176 1.11733895256 0.254970253602 1.37230920617 0.228194186747 0.205989870322
0.104 0.363772779953 1.13906271294 0.258429977662 1.3974926906 0.226879499018 0.203570279046
0.105 0.375817908306 1.16172339134 0.261968494345 1.42369188569 0.225499887751 0.201113840564
0.106 0.388602628406 1.1853760325 0.265591134699 1.4509671672 0.224056440671 0.198626397278
0.107 0.402167630024 1.21007799189 0.269303453955 1.47938144585 0.222550493241 0.196114001561
0.108 0.416555242374 1.23588895769 0.273111238439 1.50900019613 0.220983638327 0.193582877666
0.109 0.431809423685 1.26287096 0.277020512104 1.5398914721 0.219357733988 0.191039381605
0.11 0.447975737287 1.29108836517 0.281037542628 1.5721259078 0.217674909177 0.188489959676
0.111 0.465101312286 1.32060785309 0.285168846936 1.60577670003 0.215937567135 0.185941106378
0.112 0.483234786726 1.35149837487 0.289421196047 1.64091957091 0.214148386287 0.183399322426
0.113 0.50242623099 1.38383108834 0.293801619118 1.67763270746 0.212310318501 0.1808710736
0.114 0.522727049069 1.41767926866 0.29831740653 1.71599667519 0.210426584577 0.178362751109
0.115 0.544189855181 1.4531181908 0.302976111874 1.75609430268 0.208500666905 0.175880634118
0.116 0.566868323146 1.49022498115 0.307785552668 1.79801053382 0.206536299257 0.173430854986
0.117 0.590817005827 1.52907843466 0.312753809611 1.84183224427 0.204537453751 0.171019367739
0.118 0.61609112194 1.56975879458 0.317889224212 1.88764801879 0.202508325044 0.168651920137
0.119 0.642746307524 1.61234749118 0.323200394551 1.93554788573 0.200453311907 0.166334029659
0.12 0.670838329476 1.65692683646 0.328696168995 1.98562300545 0.198376996354 0.164070963588
0.121 0.700422758666 1.70357967153 0.334385637621 2.03796530915 0.196284120555 0.161867723279
0.122 0.731554600406 1.7523889638 0.340278121133 2.09266708494 0.194179561822 0.159729032616
0.123 0.764287880387 1.80343735147 0.346383157027 2.1498205085 0.192068305974 0.157659330541
0.124 0.79867518462 1.85680663297 0.352710482784 2.20951711575 0.189955419439 0.15566276747
0.125 0.834767152519 1.91257720006 0.359270015848 2.27184721591 0.187846020457 0.153743205331
0.126 0.872611922941 1.97082741349 0.366071830184 2.33689924368 0.185745249776 0.151904220893
0.127 0.912254533905 2.03163292148 0.373126129193 2.40475905068 0.183658241234 0.15014911202
0.128 0.953736277656 2.09506592209 0.380443214811 2.4755091369 0.181590092607 0.148480906414
0.129 0.99709401399 2.16119437187 0.388033452626 2.54922782449 0.179545837097 0.146902372422
0.13 1.042359446 2.23008114469 0.395907232899 2.62598837759 0.177530415806 0.145416031436
0.131 1.08955836392 2.30178314612 0.4040749274 2.70585807352 0.175548651524 0.144024171441
0.132 1.13870986433 2.37635039048 0.412546842051 2.78889723253 0.173605224088 0.142728861238
0.133 1.18982555366 2.45382504982 0.421333165389 2.87515821521 0.171704647574 0.14153196491
0.134 1.24290874665 2.53424048561 0.43044391299 2.9646843986 0.16985124949 0.140435156117
0.135 1.29795367227 2.61762027632 0.439888868017 3.05750914434 0.168049152123 0.139439931812
0.136 1.35494470126 2.70397725581 0.449677518183 3.15365477399 0.166302256137 0.138547625028
0.137 1.41385561093 2.79331257943 0.4598189895 3.25313156893 0.164614226451 0.137759416404
0.138 1.47464890456 2.88561483642 0.470321977288 3.35593681371 0.162988480428 0.137076344163
0.139 1.53727520339 2.98085922845 0.48119467502 3.46205390347 0.161428178301 0.136499312295
0.14 1.60167273036 3.07900683543 0.49244470169 3.57145153712 0.159936215803 0.136029096739
0.141 1.66776690464 3.18000399008 0.504079028479 3.68408301855 0.158515218865 0.1356663494
0.142 1.73547006592 3.28378178275 0.516103905608 3.79988568835 0.157167540279 0.135411599892
0.143 1.80468134632 3.39025571733 0.528524790337 3.91878050767 0.155895258176 0.135265254934
0.144 1.87528670624 3.49932553768 0.541346277149 4.04067181483 0.154700176168 0.135227595381
0.145 1.94715914808 3.61087524172 0.554572031213 4.16544727293 0.153583824998 0.135298770922
0.146 2.02015911872 3.72477329747 0.568204726249 4.29297802372 0.152547465543 0.135478792522
0.147 2.09413510778 3.84087307155 0.582245987925 4.42311905948 0.151592093016 0.135767522757
0.148 2.16892444444 3.95901347615 0.596696343903 4.55570982005 0.150718442232 0.136164664217
0.149 2.24435429072 4.07901983548 0.611555181587 4.69057501707 0.149926993801 0.136669746231
0.15 2.32024282373 4.20070496744 0.626820714571 4.82752568201 0.149217981132 0.137282110211
0.151 2.39640059431 4.32387047018 0.642489958622 4.9663604288 0.148591398159 0.138000893972
0.152 2.47263204392 4.44830819782 0.658558717967 5.10686691579 0.148047007689 0.138825015424
0.153 2.54873715671 4.57380190391 0.675021582401 5.24882348631 0.147584350302 0.139753156091
0.154 2.62451321913 4.70012902596 0.69187193561 5.39200096157 0.147202753752 0.140783744948
0.155 2.69975665567 4.82706258026 0.709101974863 5.53616455513 0.146901342809 0.141914943099
0.156 2.77426490641 4.95437313241 0.726702742001 5.68107587441 0.146679049514 0.143144629836
0.157 2.84783831013 5.08183080651 0.744664165459 5.82649497197 0.146534623802 0.144470390638
0.158 2.92028195641 5.20920729485 0.762975112814 5.97218240766 0.146466644468 0.14588950765
0.159 2.99140747026 5.33627782969 0.781623453141 6.11790128283 0.146473530443 0.147398953174
0.16 3.06103469514 5.46282308002 0.800596128293 6.26341920831 0.14655355236 0.148995386654
0.161 3.12899324263 5.58863093873 0.819879232034 6.40851017077 0.146704844357 0.150675155583
0.162 3.19512388144 5.71349816888 0.839458095814 6.5529562647 0.146925416094 0.152434300678
0.163 3.25927974279 5.83723188248 0.859317379898 6.69654926238 0.147213164938 0.154268565583
0.164 3.32132732476 5.95965083015 0.879441168461 6.83909199861 0.147565888259 0.156173411251
0.165 3.38114728386 6.08058648564 0.899813067263 6.98039955291 0.147981295782 0.158144035023
0.166 3.43863500782 6.19988391527 0.920416302484 7.12030021775 0.148457021948 0.160175394307
0.167 3.49370096955 6.31740242772 0.941233819388 7.25863624711 0.148990638187 0.162262234629
0.168 3.54627086717 6.4330160057 0.962248379513 7.39526438522 0.149579665068 0.164399121672
0.169 3.59628556025 6.54661352585 0.983442655201 7.53005618105 0.150221584231 0.166580476843
0.17 3.64370081647 6.65809877771 1.00479932042 7.66289809813 0.150913850029 0.168800615733
0.171 3.68848688606 6.76739029675 1.0263011369 7.79369143365 0.151653900823 0.171053788819
0.172 3.73062792442 6.87442102908 1.04793103489 7.92235206397 0.152439169852 0.1733342236
0.173 3.7701212846 6.97913784799 1.0696721878 8.04881003579 0.153267095606 0.1756361674
0.174 3.80697670265 7.0815009436 1.09150808031 8.17300902391 0.154135131663 0.177953929974
0.175 3.84121539876 7.1814831078 1.11342256968 8.29490567748 0.155040755923 0.180281925127
0.176 3.87286911668 7.27906893638 1.1353999399 8.41446887628 0.155981479201 0.18261471054
0.177 3.90197912297 7.3742539696 1.15742494888 8.53167891847 0.156954853148 0.184947025106
0.178 3.92859518598 7.4670437915 1.17948286851 8.64652666001 0.15795847747 0.187273823117
0.179 3.95277455266 7.55745310649 1.20155951794 8.75901262444 0.158990006423 0.189590304782
0.18 3.97458093912 7.64550480988 1.22364129025 8.86914610013 0.160047154594 0.191891942655
0.181 3.99408354877 7.73122906727 1.24571517283 8.9769442401 0.161127701946 0.194174503661
0.182 4.01135612949 7.81466241533 1.26776876195 9.08243117727 0.162229498162 0.196434066561
0.183 4.026476079 7.89584689457 1.28979027186 9.18563716642 0.163350466274 0.198667034788
0.184 4.03952360569 7.9748292225 1.31176853894 9.28659776144 0.164488605629 0.20087014472
0.185 4.05058094981 8.05166001382 1.33369302134 9.38535303516 0.165641994204 0.203040469554
0.186 4.05973166847 8.12639305225 1.35555379459 9.48194684684 0.166808790306 0.205175419028
0.187 4.06705998607 8.19908461719 1.37734154371 9.5764261609 0.167987233699 0.207272735311
0.188 4.07265021046 8.26979286696 1.39904755217 9.66884041912 0.169175646195 0.209330485458
0.189 4.07658621395 8.33857727884 1.4206636883 9.75924096714 0.170372431746 0.211347050832
0.19 4.07895097733 8.40549814561 1.44218238943 9.84768053504 0.171576076093 0.213321113948
0.191 4.07982619419 8.47061612688 1.46359664423 9.93421277111 0.172785146005 0.21525164319
0.192 4.0792919325 8.53399185327 1.48489997359 10.0188918269 0.173998288154 0.217137875845
0.193 4.07742634964 8.59568558073 1.50608641036 10.1017719911 0.175214227675 0.218979299889
0.194 4.07430545702 8.65575689198 1.52715047832 10.1829073703 0.176431766439 0.220775634927
0.195 4.07000293023 8.71426444182 1.54808717053 10.2623516124 0.177649781099 0.222526812665
0.196 4.06458996067 8.77126574293 1.56889192742 10.3401576704 0.178867220924 0.224232957241
0.197 4.05813514435 8.82681698861 1.58956061475 10.4163776034 0.180083105473 0.225894365717
0.198 4.05070440413 8.88097290914 1.61008950167 10.4910624108 0.181296522143 0.227511488982
0.199 4.04236094142 8.93378665836 1.63047523898 10.5642618973 0.1825066236 0.229084913277
0.2 4.03316521375 8.98530972714 1.65071483779 10.6360245649 0.183712625154 0.230615342507
0.201 4.02317493481 9.03559188084 1.67080564868 10.7063975295 0.184913802074 0.232103581489
0.202 4.01244509378 9.08468111771 1.69074534131 10.775426459 0.186109486883 0.233550520211
0.203 4.00102799112 9.13262364565 1.71053188484 10.8431555305 0.187299066644 0.234957119185
0.204 3.98897328803 9.17946387475 1.7301635289 10.9096274037 0.188481980267 0.236324395923
0.205 3.97632806734 9.22524442342 1.74963878536 10.9748832088 0.189657715834 0.23765341256
0.206 3.9631369035 9.27000613598 1.76895641083 11.0389625468 0.190825807974 0.238945264602
0.207 3.94944193994 9.3137881099 1.78811538999 11.1019034999 0.191985835289 0.24020107079
0.208 3.93528297194 9.3566277309 1.80711491965 11.1637426506 0.193137417842 0.24142196403
0.209 3.92069753359 9.39856071457 1.82595439366 11.2245151082 0.194280214717 0.242609083365
0.21 3.90572098757 9.43962115313 1.84463338852 11.2842545416 0.19541392166 0.243763566894
0.211 3.89038661654 9.47984156604 1.86315164983 11.3429932159 0.196538268794 0.244886545627
0.212 3.8747257152 9.51925295373 1.88150907951 11.4007620332 0.197653018431 0.245979138163
0.213 3.8587676823 9.55788485326 1.89970572366 11.4575905769 0.198757962962 0.247042446166
0.214 3.84254011176 9.59576539539 1.91774176121 11.5135071566 0.199852922846 0.248077550546
0.215 3.82606888242 9.63292136226 1.93561749328 11.5685388555 0.200937744687 0.249085508298
0.216 3.80937824593 9.6693782452 1.95333333309 11.6227115783 0.202012299401 0.250067349918
0.217 3.79249091242 9.70516030225 1.97088979661 11.6760500989 0.203076480473 0.251024077355
0.218 3.77542813355 9.74029061486 1.98828749377 11.7285781086 0.20413020231 0.251956662435
0.219 3.75820978292 9.77479114365 2.00552712024 11.7803182639 0.205173398671 0.252866045687
0.22 3.74085443346 9.80868278277 2.02260944977 11.8312922325 0.206206021192 0.253753135553
0.221 3.72337943175 9.84198541284 2.03953532703 11.8815207399 0.20722803799 0.254618807905
0.222 3.70580096932 9.87471795225 2.05630566098 11.9310236132 0.208239432348 0.255463905845
0.223 3.68813415067 9.90689840659 2.07292141864 11.9798198252 0.20924020148 0.256289239743
0.224 3.67039305822 9.93854391632 2.08938361937 12.0279275357 0.210230355368 0.257095587479
0.225 3.65259081407 9.96967080255 2.10569332949 12.075364132 0.211209915673 0.257883694852
0.226 3.63473963871 10.0002946107 2.12185165734 12.1221462681 0.212178914716 0.258654276141
0.227 3.61685090668 10.0304301527 2.13785974868 12.1682899014 0.213137394521 0.259408014776
0.228 3.59893519926 10.0600915464 2.15371878238 12.2138103288 0.214085405928 0.260145564105
0.229 3.58100235433 10.089292254 2.16942996657 12.2587222206 0.215023007754 0.260867548247
0.23 3.56306151348 10.1180451182 2.1849945349 12.3030396531 0.215950266023 0.261574562985
0.231 3.54512116637 10.1463623961 2.20041374324 12.3467761393 0.216867253242 0.26226717672
0.232 3.52718919263 10.1742557922 2.21568886652 12.3899446587 0.217774047731 0.262945931444
0.233 3.50927290126 10.201736489 2.23082119591 12.4325576849 0.218670732999 0.263611343733
0.234 3.49137906767 10.2288151761 2.24581203614 12.4746272122 0.219557397164 0.264263905753
0.235 3.47351396858 10.2555020778 2.26066270307 12.5161647809 0.220434132422 0.264904086261
0.236 3.45568341467 10.2818069791 2.27537452149 12.5571815006 0.221301034546 0.265532331602
0.237 3.43789278136 10.3077392504 2.28994882301 12.5976880734 0.222158202433 0.266149066694
0.238 3.42014703753 10.3333078702 2.30438694422 12.6376948144 0.223005737676 0.266754695995
0.239 3.40245077262 10.3585214474 2.31869022493 12.6772116723 0.223843744177 0.267349604447
0.24 3.3848082218 10.3833882415 2.33286000657 12.7162482481 0.22467232779 0.267934158401
0.241 3.36722328977 10.4079161822 2.3468976308 12.754813813 0.225491595985 0.268508706508
0.242 3.34969957285 10.4321128872 2.36080443812 12.7929173253 0.22630165755 0.269073580587
0.243 3.33224037972 10.4559856798 2.3745817667 12.8305674465 0.227102622308 0.269629096461
0.244 3.31484875085 10.4795416046 2.38823095123 12.8677725558 0.227894600866 0.270175554761
0.245 3.29752747662 10.5027874426 2.401753322 12.9045407646 0.228677704383 0.2707132417
0.246 3.28027911421 10.5257297258 2.41515020388 12.9408799297 0.229452044351 0.271242429816
0.247 3.26310600349 10.5483747503 2.42842291559 12.9767976658 0.230217732408 0.27176337868
0.248 3.24601028177 10.5707285885 2.4415727689 13.0123013574 0.230974880158 0.272276335578
0.249 3.22899389761 10.5927971015 2.45460106796 13.0473981694 0.231723599012 0.272781536156
0.25 3.21205862371 10.6145859498 2.46750910869 13.0820950585 0.232464000043 0.273279205039
0.251 3.19520606893 10.6361006037 2.48029817827 13.116398782 0.233196193857 0.273769556416
0.252 3.1784376895 10.6573463532 2.49296955458 13.1503159078 0.233920290469 0.274252794605
0.253 3.16175479952 10.678328317 2.50552450584 13.1838528229 0.234636399205 0.274729114579
0.254 3.1451585807 10.6990514512 2.51796429016 13.2170157414 0.235344628601 0.275198702469
0.255 3.12865009151 10.7195205572 2.53029015523 13.2498107124 0.23604508632 0.275661736048
0.256 3.1122302756 10.7397402896 2.54250333801 13.2822436277 0.236737879078 0.276118385179
0.257 3.09589996982 10.7597151632 2.55460506446 13.3143202277 0.237423112574 0.276568812244
0.258 3.07965991154 10.7794495595 2.56659654932 13.3460461088 0.238100891437 0.277013172552
0.259 3.06351074555 10.7989477332 2.57847899589 13.3774267291 0.238771319168 0.277451614724
0.26 3.04745303051 10.8182138182 2.59025359589 13.4084674141 0.2394344981 0.277884281051
0.261 3.0314872449 10.8372518329 2.60192152932 13.4391733622 0.240090529357 0.278311307842
0.262 3.01561379262 10.8560656855 2.6134839643 13.4695496498 0.240739512822 0.278732825745
0.263 2.99983300821 10.8746591793 2.62494205704 13.4996012363 0.241381547114 0.279148960054
0.264 2.98414516165 10.8930360167 2.63629695169 13.5293329684 0.242016729555 0.279559830996
0.265 2.96855046294 10.9111998041 2.64754978038 13.5587495845 0.242645156162 0.279965554006
0.266 2.95304906625 10.9291540555 2.6587016631 13.5878557186 0.243266921629 0.280366239982
0.267 2.93764107391 10.9469021971 2.66975370772 13.6166559048 0.243882119312 0.280761995527
0.268 2.92232654003 10.96444757 2.68070700999 13.64515458 0.244490841228 0.281152923177
0.269 2.90710547392 10.9817934345 2.69156265352 13.673356088 0.245093178048 0.28153912162
0.27 2.89197784328 10.9989429727 2.70232170981 13.7012646825 0.245689219093 0.281920685891
0.271 2.87694357717 11.0158992921 2.71298523832 13.7288845304 0.246279052338 0.282297707572
0.272 2.86200256876 11.0326654281 2.72355428643 13.7562197145 0.246862764415 0.282670274966
0.273 2.84715467791 11.0492443466 2.73402988957 13.7832742362 0.247440440613 0.283038473269
0.274 2.83239973358 11.0656389473 2.74441307123 13.8100520185 0.248012164892 0.28340238473
0.275 2.81773753608 11.0818520652 2.75470484304 13.8365569082 0.248578019886 0.283762088799
0.276 2.80316785914 11.0978864737 2.76490620484 13.8627926785 0.249138086914 0.284117662273
0.277 2.78869045187 11.1137448862 2.77501814476 13.8887630309 0.249692445993 0.284469179427
0.278 2.77430504058 11.1294299585 2.78504163931 13.9144715978 0.250241175846 0.284816712139
0.279 2.76001133046 11.1449442908 2.79497765344 13.9399219442 0.25078435392 0.285160330009
0.28 2.7458090072 11.1602904292 2.80482714067 13.9651175699 0.251322056398 0.285500100476
0.281 2.73169773841 11.1754708679 2.81459104318 13.9900619111 0.251854358213 0.285836088912
0.282 2.71767717505 11.1904880506 2.82427029186 14.0147583425 0.252381333065 0.286168358734
0.283 2.70374695266 11.2053443721 2.83386580649 14.0392101786 0.252903053434 0.286496971486
0.284 2.68990669264 11.22004218 2.84337849579 14.0634206758 0.253419590602 0.286821986936
0.285 2.67615600326 11.2345837759 2.85280925754 14.0873930334 0.253931014664 0.287143463154
0.286 2.66249448081 11.2489714169 2.8621589787 14.1111303956 0.254437394551 0.28746145659
0.287 2.64892171051 11.2632073171 2.87142853552 14.1346358526 0.254938798043 0.287776022152
0.288 2.63543726743 11.2772936483 2.88061879363 14.1579124419 0.255435291787 0.28808721327
0.289 2.62204071738 11.2912325419 2.88973060818 14.1809631501 0.255926941319 0.288395081966
0.29 2.60873161764 11.3050260894 2.89876482393 14.2037909134 0.256413811078 0.288699678913
0.291 2.59550951775 11.318676344 2.90772227541 14.2263986194 0.256895964426 0.289001053497
0.292 2.5823739602 11.3321853211 2.91660378698 14.2487891081 0.257373463664 0.289299253868
0.293 2.56932448105 11.3455549999 2.92541017297 14.2709651729 0.257846370052 0.289594326994
0.294 2.55636061055 11.3587873239 2.93414223779 14.2929295617 0.258314743829 0.28988631871
0.295 2.54348187372 11.371884202 2.94280077608 14.314684978 0.258778644226 0.290175273765
0.296 2.53068779086 11.3848475091 2.95138657276 14.3362340819 0.259238129487 0.290461235865
0.297 2.51797787805 11.3976790877 2.95990040322 14.3575794909 0.259693256885 0.290744247716
0.298 2.5053516476 11.4103807477 2.96834303336 14.378723781 0.260144082744 0.291024351061
0.299 2.4928086085 11.4229542678 2.97671521977 14.3996694876 0.260590662449 0.291301586718
0.3 2.48034826683 11.4354013963 2.98501770982 14.4204191061 0.26103305047 0.291575994615
0.301 2.46797012611 11.4477238514 2.99325124175 14.4409750931 0.261471300375 0.291847613826
0.302 2.45567368768 11.4599233221 3.00141654481 14.4613398669 0.261905464849 0.292116482598
0.303 2.443458451 11.4720014691 3.00951433938 14.4815158085 0.262335595709 0.292382638383
0.304 2.431323914 11.4839599252 3.01754533705 14.5015052622 0.262761743921 0.292646117867
0.305 2.41926957333 11.4958002956 3.02551024076 14.5213105364 0.263183959617 0.292906956995
0.306 2.40729492467 11.5075241594 3.0334097449 14.5409339043 0.263602292108 0.293165190999
0.307 2.39539946295 11.5191330691 3.04124453539 14.5603776045 0.264016789904 0.29342085442
0.308 2.38358268261 11.5306285522 3.04901528986 14.579643842 0.264427500726 0.293673981129
0.309 2.37184407779 11.5420121108 3.05672267766 14.5987347884 0.264834471522 0.293924604357
0.31 2.36018314258 11.5532852228 3.06436736007 14.6176525829 0.265237748483 0.294172756703
0.311 2.34859937119 11.5644493421 3.07194999031 14.6363993324 0.265637377053 0.294418470168
0.312 2.33709225815 11.5755058992 3.0794712137 14.6549771129 0.266033401953 0.29466177616
0.313 2.32566129845 11.5864563017 3.08693166775 14.6733879694 0.266425867182 0.294902705522
0.314 2.31430598772 11.5973019345 3.09433198226 14.6916339168 0.266814816044 0.295141288545
0.315 2.3030258224 11.6080441607 3.10167277942 14.7097169401 0.267200291151 0.295377554983
0.316 2.29182029983 11.6186843216 3.10895467391 14.7276389955 0.267582334442 0.295611534072
0.317 2.28068891841 11.6292237374 3.11617827298 14.7454020104 0.267960987196 0.295843254542
0.318 2.26963117775 11.6396637075 3.1233441766 14.7630078841 0.26833629004 0.29607274463
0.319 2.25864657873 11.6500055112 3.13045297748 14.7804584886 0.268708282968 0.296300032097
0.32 2.24773462365 11.6602504073 3.13750526123 14.7977556686 0.269077005349 0.29652514424
0.321 2.2368948163 11.6703996355 3.14450160642 14.814901242 0.26944249594 0.296748107901
0.322 2.22612666206 11.6804544161 3.15144258467 14.8318970008 0.269804792897 0.296968949483
0.323 2.21542966804 11.6904159504 3.15832876078 14.8487447112 0.270163933789 0.297187694958
0.324 2.20480334307 11.7002854214 3.16516069277 14.8654461141 0.270519955606 0.297404369882
0.325 2.19424719784 11.7100639938 3.17193893198 14.8820029258 0.270872894774 0.297618999398
0.326 2.18376074497 11.7197528146 3.1786640232 14.8984168378 0.27122278716 0.297831608256
0.327 2.17334349905 11.7293530131 3.18533650469 14.9146895178 0.27156966809 0.298042220812
0.328 2.16299497673 11.7388657017 3.19195690833 14.93082261 0.271913572353 0.298250861046
0.329 2.15271469673 11.7482919757 3.19852575965 14.9468177353 0.272254534214 0.298457552565
0.33 2.14250217997 11.7576329138 3.20504357796 14.9626764918 0.272592587423 0.298662318615
0.331 2.13235694956 11.7668895787 3.21151087639 14.9784004551 0.272927765227 0.298865182085
0.332 2.12227853085 11.7760630169 3.217928162 14.9939911789 0.273260100374 0.299066165522
0.333 2.11226645152 11.7851542591 3.22429593586 15.0094501949 0.273589625131 0.299265291129
0.334 2.10232024157 11.7941643209 3.23061469309 15.024779014 0.273916371284 0.299462580782
0.335 2.09243943338 11.8030942024 3.23688492302 15.0399791254 0.274240370152 0.299658056029
0.336 2.08262356174 11.8119448892 3.24310710915 15.0550519983 0.274561652596 0.299851738103
0.337 2.07287216389 11.8207173519 3.24928172934 15.0699990813 0.274880249024 0.300043647924
0.338 2.06318477954 11.829412547 3.25540925582 15.0848218028 0.275196189404 0.300233806107
0.339 2.05356095091 11.8380314167 3.26149015527 15.099521572 0.275509503266 0.30042223297
0.34 2.04400022272 11.8465748895 3.26752488891 15.1140997784 0.275820219718 0.300608948538
0.341 2.03450214226 11.85504388 3.27351391256 15.1285577925 0.276128367445 0.300793972547
0.342 2.02506625939 11.8634392896 3.27945767672 15.1428969663 0.276433974725 0.300977324453
0.343 2.01569212655 11.8717620064 3.28535662662 15.157118633 0.27673706943 0.301159023437
0.344 2.0063792988 11.8800129058 3.29121120232 15.1712241081 0.277037679035 0.301339088408
0.345 1.99712733379 11.88819285 3.29702183874 15.1852146888 0.277335830629 0.301517538009
0.346 1.98793579184 11.8963026891 3.30278896576 15.1990916549 0.277631550917 0.301694390623
0.347 1.97880423591 11.9043432608 3.30851300828 15.212856269 0.277924866228 0.301869664377
0.348 1.9697322316 11.9123153904 3.31419438626 15.2265097766 0.278215802525 0.302043377146
0.349 1.9607193472 11.9202198916 3.31983351481 15.2400534064 0.278504385405 0.302215546559
0.35 1.95176515367 11.9280575664 3.32543080425 15.2534883707 0.278790640113 0.302386190002
0.351 1.94286922466 11.9358292051 3.33098666016 15.2668158653 0.279074591544 0.302555324624
0.352 1.93403113649 11.9435355869 3.33650148346 15.2800370703 0.279356264248 0.302722967338
0.353 1.9252504682 11.9511774795 3.34197567045 15.29315315 0.279635682439 0.30288913483
0.354 1.91652680153 11.9587556401 3.34740961287 15.306165253 0.279912870001 0.303053843558
0.355 1.90785972089 11.9662708149 3.352803698 15.3190745129 0.280187850489 0.303217109758
0.356 1.89924881344 11.9737237394 3.35815830865 15.3318820481 0.280460647142 0.303378949449
0.357 1.89069366901 11.9811151389 3.36347382329 15.3445889622 0.280731282882 0.303539378433
0.358 1.88219388014 11.9884457283 3.36875061604 15.3571963443 0.280999780322 0.303698412304
0.359 1.8737490421 11.9957162124 3.37398905678 15.3697052692 0.281266161772 0.303856066447
0.36 1.86535875284 12.0029272863 3.37918951115 15.3821167975 0.281530449244 0.304012356042
0.361 1.85702261303 12.0100796351 3.38435234068 15.3944319757 0.281792664455 0.304167296069
0.362 1.84874022601 12.0171739343 3.38947790276 15.406651837 0.282052828834 0.304320901311
0.363 1.84051119784 12.0242108501 3.39456655075 15.4187774008 0.282310963528 0.304473186356
0.364 1.83233513727 12.0311910393 3.39961863401 15.4308096733 0.282567089402 0.304624165601
0.365 1.82421165573 12.0381151496 3.40463449796 15.4427496476 0.282821227048 0.304773853254
0.366 1.81614036734 12.0449838197 3.40961448411 15.4545983038 0.28307339679 0.304922263338
0.367 1.80812088889 12.0517976793 3.41455893014 15.4663566095 0.283323618683 0.305069409696
0.368 1.80015283984 12.0585573496 3.41946816994 15.4780255196 0.283571912525 0.305215305988
0.369 1.79223584231 12.0652634432 3.42434253362 15.4896059768 0.283818297856 0.3053599657
0.37 1.78436952108 12.071916564 3.42918234764 15.5010989116 0.284062793961 0.305503402142
0.371 1.77655350359 12.0785173079 3.43398793476 15.5125052426 0.284305419882 0.305645628454
0.372 1.7687874199 12.0850662624 3.43875961417 15.5238258766 0.284546194411 0.305786657608
0.373 1.76107090272 12.0915640071 3.44349770147 15.5350617086 0.284785136103 0.305926502409
0.374 1.75340358736 12.0980111137 3.44820250877 15.5462136224 0.285022263277 0.306065175497
0.375 1.74578511178 12.1044081459 3.45287434469 15.5572824906 0.285257594017 0.306202689354
0.376 1.73821511651 12.1107556599 3.45751351445 15.5682691743 0.285491146181 0.306339056302
0.377 1.73069324469 12.1170542042 3.46212031985 15.5791745241 0.285722937398 0.306474288506
0.378 1.72321914206 12.1233043202 3.46669505938 15.5899993796 0.285952985079 0.306608397978
0.379 1.71579245689 12.1295065416 3.47123802822 15.6007445698 0.286181306414 0.306741396578
0.38 1.70841284006 12.1356613949 3.47574951829 15.6114109132 0.28640791838 0.306873296017
0.381 1.70107994499 12.1417693999 3.4802298183 15.6219992182 0.286632837742 0.307004107858
0.382 1.69379342762 12.147831069 3.48467921379 15.6325102828 0.286856081057 0.30713384352
0.383 1.68655294645 12.1538469079 3.48909798714 15.642944895 0.287077664676 0.307262514278
0.384 1.67935816247 12.1598174155 3.49348641766 15.6533038331 0.28729760475 0.307390131269
0.385 1.6722087392 12.165743084 3.4978447816 15.6635878656 0.287515917231 0.307516705487
0.386 1.66510434265 12.1716243992 3.50217335217 15.6737977513 0.287732617876 0.307642247792
0.387 1.65804464131 12.1774618402 3.50647239962 15.6839342398 0.287947722246 0.307766768908
0.388 1.65102930613 12.1832558799 3.51074219124 15.6939980711 0.288161245718 0.307890279429
0.389 1.64405801053 12.1890069848 3.51498299143 15.7039899762 0.288373203478 0.308012789814
0.39 1.63713043036 12.1947156155 3.5191950617 15.7139106772 0.28858361053 0.308134310396
0.391 1.63024624393 12.2003822261 3.52337866074 15.7237608869 0.288792481697 0.308254851379
0.392 1.62340513195 12.2060072652 3.52753404441 15.7335413096 0.288999831622 0.308374422843
0.393 1.61660677752 12.2115911751 3.53166146585 15.7432526409 0.289205674774 0.308493034744
0.394 1.60985086617 12.2171343925 3.53576117543 15.7528955679 0.289410025448 0.308610696915
0.395 1.60313708578 12.2226373483 3.53983342083 15.7624707691 0.289612897771 0.308727419072
0.396 1.5964651266 12.2281004678 3.54387844708 15.7719789149 0.289814305697 0.308843210808
0.397 1.58983468124 12.2335241709 3.54789649655 15.7814206675 0.290014263019 0.308958081604
0.398 1.58324544465 12.2389088718 3.55188780905 15.7907966809 0.290212783366 0.309072040822
0.399 1.5766971141 12.2442549795 3.55585262179 15.8001076012 0.290409880205 0.309185097713
0.4 1.57018938916 12.2495628975 3.55979116944 15.8093540669 0.290605566846 0.309297261416
0.401 1.56372197172 12.2548330243 3.5637036842 15.8185367085 0.290799856442 0.309408540958
0.402 1.55729456594 12.2600657532 3.56759039576 15.827656149 0.290992761994 0.309518945258
0.403 1.55090687825 12.2652614724 3.57145153138 15.8367130038 0.291184296349 0.309628483129
0.404 1.54455861733 12.2704205651 3.57528731591 15.845707881 0.291374472208 0.309737163276
0.405 1.53824949412 12.2755434095 3.57909797181 15.8546413813 0.29156330212 0.309844994301
0.406 1.53197922175 12.2806303793 3.58288371917 15.8635140984 0.291750798495 0.309951984702
0.407 1.52574751562 12.285681843 3.58664477579 15.8723266188 0.291936973595 0.310058142878
0.408 1.51955409327 12.2906981647 3.59038135713 15.8810795218 0.292121839543 0.310163477125
0.409 1.51339867446 12.2956797037 3.5940936764 15.8897733801 0.292305408324 0.310267995641
0.41 1.50728098111 12.3006268148 3.59778194457 15.8984087594 0.292487691785 0.310371706529
0.411 1.5012007373 12.3055398484 3.60144637038 15.9069862188 0.292668701637 0.310474617792
0.412 1.49515766924 12.3104191504 3.60508716038 15.9155063108 0.292848449459 0.310576737341
0.413 1.48915150529 12.3152650622 3.60870451897 15.9239695812 0.293026946699 0.310678072993
0.414 1.4831819759 12.3200779211 3.61229864841 15.9323765695 0.293204204676 0.310778632472
0.415 1.47724881362 12.3248580601 3.61586974884 15.940727809 0.293380234579 0.310878423412
0.416 1.47135175312 12.3296058081 3.61941801831 15.9490238264 0.293555047474 0.310977453358
0.417 1.46549053108 12.3343214896 3.62294365283 15.9572651424 0.2937286543 0.311075729763
0.418 1.4596648863 12.3390054254 3.62644684635 15.9654522717 0.293901065875 0.311173259998
0.419 1.45387455958 12.343657932 3.62992779082 15.9735857229 0.294072292898 0.311270051342
0.42 1.44811929376 12.3482793224 3.6333866762 15.9816659986 0.294242345945 0.311366110995
0.421 1.44239883369 12.3528699052 3.63682369049 15.9896935957 0.294411235479 0.311461446068
0.422 1.43671292623 12.3574299855 3.64023901974 15.9976690052 0.294578971843 0.311556063592
0.423 1.43106132022 12.3619598645 3.64363284809 16.0055927126 0.294745565269 0.311649970516
0.424 1.42544376647 12.3664598398 3.64700535777 16.0134651975 0.294911025873 0.311743173708
0.425 1.41986001774 12.3709302052 3.65035672916 16.0212869344 0.295075363663 0.311835679957
0.426 1.41430982876 12.3753712511 3.65368714077 16.0290583918 0.295238588536 0.311927495973
0.427 1.40879295614 12.379783264 3.65699676929 16.0367800333 0.295400710279 0.31201862839
0.428 1.40330915846 12.3841665273 3.66028578962 16.0444523169 0.295561738575 0.312109083764
0.429 1.39785819617 12.3885213207 3.66355437483 16.0520756955 0.295721683 0.312198868576
0.43 1.39243983161 12.3928479204 3.66680269627 16.0596506167 0.295880553027 0.312287989233
0.431 1.387053829 12.3971465996 3.67003092352 16.0671775231 0.296038358024 0.31237645207
0.432 1.38169995441 12.4014176278 3.67323922446 16.0746568522 0.296195107262 0.312464263346
0.433 1.37637797578 12.4056612715 3.67642776523 16.0820890367 0.296350809907 0.312551429253
0.434 1.37108766285 12.4098777938 3.67959671032 16.0894745041 0.29650547503 0.312637955908
0.435 1.3658287872 12.4140674548 3.68274622255 16.0968136774 0.296659111604 0.312723849362
0.436 1.3606011222 12.4182305115 3.68587646308 16.1041069745 0.296811728505 0.312809115596
0.437 1.35540444303 12.4223672174 3.68898759147 16.1113548089 0.296963334516 0.312893760523
0.438 1.35023852664 12.4264778236 3.69207976565 16.1185575892 0.297113938323 0.312977789989
0.439 1.34510315174 12.4305625777 3.69515314198 16.1257157196 0.297263548523 0.313061209774
0.44 1.33999809878 12.4346217245 3.69820787524 16.1328295997 0.297412173621 0.313144025594
0.441 1.33492314998 12.438655506 3.70124411866 16.1398996246 0.297559822031 0.313226243098
0.442 1.32987808926 12.4426641611 3.70426202395 16.1469261851 0.297706502079 0.313307867875
0.443 1.32486270225 12.4466479261 3.70726174129 16.1539096674 0.297852222003 0.313388905448
0.444 1.3198767763 12.4506070344 3.71024341938 16.1608504538 0.297996989955 0.313469361281
0.445 1.31492010042 12.4545417167 3.71320720541 16.1677489221 0.298140814001 0.313549240774
0.446 1.3099924653 12.4584522007 3.71615324515 16.1746054459 0.298283702122 0.31362854927
0.447 1.30509366329 12.4623387119 3.71908168288 16.1814203948 0.298425662217 0.313707292049
0.448 1.3002234884 12.4662014728 3.72199266147 16.1881941343 0.298566702102 0.313785474335
0.449 1.29538173626 12.4700407035 3.7248863224 16.1949270258 0.298706829511 0.313863101292
0.45 1.29056820411 12.4738566212 3.72776280571 16.2016194269 0.298846052099 0.313940178028
0.451 1.28578269081 12.477649441 3.73062225008 16.2082716911 0.298984377443 0.314016709595
0.452 1.28102499683 12.4814193753 3.73346479283 16.2148841682 0.299121813038 0.314092700987
0.453 1.27629492419 12.485166634 3.73629056992 16.2214572039 0.299258366305 0.314168157145
0.454 1.27159227652 12.4888914245 3.73909971599 16.2279911405 0.299394044587 0.314243082954
0.455 1.26691685896 12.492593952 3.74189236434 16.2344863163 0.299528855154 0.314317483247
0.456 1.26226847825 12.4962744192 3.74466864699 16.2409430662 0.299662805198 0.314391362802
0.457 1.25764694261 12.4999330265 3.74742869464 16.2473617212 0.299795901841 0.314464726347
0.458 1.25305206182 12.503569972 3.75017263674 16.2537426088 0.29992815213 0.314537578555
0.459 1.24848364715 12.5071854516 3.75290060148 16.2600860531 0.300059563041 0.314609924052
0.46 1.24394151138 12.5107796588 3.75561271579 16.2663923745 0.30019014148 0.314681767409
0.461 1.23942546876 12.5143527849 3.75830910538 16.2726618903 0.300319894283 0.314753113152
0.462 1.23493533502 12.5179050192 3.76098989473 16.2788949139 0.300448828215 0.314823965754
0.463 1.23047092736 12.5214365488 3.76365520713 16.2850917559 0.300576949975 0.314894329641
0.464 1.22603206441 12.5249475584 3.76630516467 16.2912527231 0.300704266194 0.314964209192
0.465 1.22161856626 12.5284382311 3.76893988826 16.2973781193 0.300830783435 0.315033608737
0.466 1.21723025441 12.5319087474 3.77155949766 16.3034682451 0.300956508197 0.31510253256
0.467 1.21286695178 12.5353592862 3.77416411146 16.3095233976 0.301081446914 0.315170984898
0.468 1.20852848271 12.5387900241 3.77675384712 16.3155438712 0.301205605953 0.315238969945
0.469 1.20421467289 12.5422011358 3.77932882098 16.3215299568 0.301328991622 0.315306491846
0.47 1.19992534943 12.5455927942 3.78188914826 16.3274819425 0.301451610163 0.315373554705
0.471 1.1956603408 12.5489651701 3.78443494309 16.3334001132 0.301573467756 0.31544016258
0.472 1.19141947683 12.5523184323 3.78696631848 16.3392847508 0.301694570522 0.315506319487
0.473 1.18720258867 12.5556527479 3.78948338641 16.3451361343 0.30181492452 0.315572029398
0.474 1.18300950885 12.5589682821 3.79198625776 16.3509545399 0.30193453575 0.315637296244
0.475 1.17884007119 12.5622651983 3.79447504237 16.3567402407 0.302053410151 0.315702123912
0.476 1.17469411084 12.565543658 3.79694984904 16.362493507 0.302171553607 0.315766516251
0.477 1.17057146426 12.5688038209 3.79941078554 16.3682146064 0.302288971941 0.315830477065
0.478 1.16647196919 12.572045845 3.80185795862 16.3739038037 0.302405670921 0.315894010122
0.479 1.16239546466 12.5752698867 3.80429147402 16.3795613607 0.302521656258 0.315957119147
0.48 1.15834179097 12.5784761004 3.80671143648 16.3851875369 0.302636933607 0.316019807828
0.481 1.15431078967 12.581664639 3.80911794978 16.3907825888 0.30275150857 0.316082079813
0.482 1.15030230359 12.5848356537 3.8115111167 16.3963467704 0.302865386691 0.316143938711
0.483 1.14631617677 12.587989294 3.81389103906 16.401880333 0.302978573464 0.316205388094
0.484 1.14235225451 12.5911257077 3.81625781773 16.4073835254 0.303091074327 0.316266431498
0.485 1.13841038329 12.5942450412 3.81861155265 16.4128565939 0.303202894667 0.316327072419
0.486 1.13449041085 12.5973474393 3.82095234281 16.4182997821 0.303314039819 0.316387314319
0.487 1.13059218608 12.6004330449 3.82328028628 16.4237133312 0.303424515066 0.316447160622
0.488 1.12671555911 12.6035019998 3.82559548022 16.42909748 0.303534325641 0.316506614718
0.489 1.12286038121 12.6065544439 3.8278980209 16.4344524648 0.303643476727 0.31656567996
0.49 1.11902650484 12.6095905159 3.83018800368 16.4397785196 0.303751973457 0.316624359669
0.491 1.11521378362 12.6126103528 3.83246552304 16.4450758758 0.303859820914 0.316682657129
0.492 1.11142207232 12.6156140901 3.8347306726 16.4503447627 0.303967024134 0.316740575591
0.493 1.10765122684 12.6186018622 3.83698354511 16.4555854073 0.304073588106 0.316798118273
0.494 1.10390110424 12.6215738016 3.83922423244 16.460798034 0.304179517769 0.316855288358
0.495 1.10017156268 12.6245300397 3.84145282566 16.4659828653 0.304284818016 0.316912088998
0.496 1.09646246144 12.6274707063 3.84366941497 16.4711401213 0.304389493696 0.316968523312
0.497 1.0927736609 12.6303959301 3.84587408975 16.4762700199 0.30449354961 0.317024594388
0.498 1.08910502254 12.6333058382 3.84806693857 16.4813727768 0.304596990514 0.317080305281
0.499 1.08545640893 12.6362005565 3.85024804918 16.4864486056 0.304699821119 0.317135659016
0.5 1.08182768372 12.6390802093 3.85241750853 16.4914977178 0.304802046093 0.317190658585
0.501 1.0782187116 12.64194492 3.85457540279 16.4965203228 0.30490367006 0.317245306951
0.502 1.07462935835 12.6447948104 3.85672181734 16.5015166277 0.305004697599 0.317299607049
0.503 1.0710594908 12.6476300011 3.85885683677 16.5064868379 0.305105133249 0.31735356178
0.504 1.06750897679 12.6504506115 3.86098054491 16.5114311564 0.305204981504 0.317407174018
0.505 1.06397768523 12.6532567598 3.86309302485 16.5163497846 0.305304246819 0.317460446608
0.506 1.06046548603 12.6560485627 3.8651943589 16.5212429216 0.305402933605 0.317513382365
0.507 1.05697225012 12.658826136 3.86728462864 16.5261107647 0.305501046233 0.317565984078
0.508 1.05349784946 12.6615895942 3.86936391492 16.5309535091 0.305598589034 0.317618254504
0.509 1.05004215696 12.6643390505 3.87143229785 16.5357713483 0.305695566299 0.317670196377
0.51 1.04660504657 12.667074617 3.87348985682 16.5405644739 0.305791982279 0.3177218124
0.511 1.04318639319 12.6697964048 3.87553667053 16.5453330753 0.305887841186 0.317773105251
0.512 1.03978607272 12.6725045235 3.87757281694 16.5500773405 0.305983147194 0.317824077579
0.513 1.03640396199 12.675199082 3.87959837334 16.5547974553 0.306077904437 0.317874732008
0.514 1.03303993882 12.6778801878 3.88161341632 16.5594936041 0.306172117012 0.317925071136
0.515 1.02969388196 12.6805479473 3.88361802178 16.5641659691 0.30626578898 0.317975097536
0.516 1.02636567111 12.683202466 3.88561226496 16.5688147309 0.306358924363 0.318024813753
0.517 1.0230551869 12.6858438481 3.88759622041 16.5734400685 0.306451527147 0.318074222307
0.518 1.0197623109 12.688472197 3.88956996204 16.5780421591 0.306543601282 0.318123325697
0.519 1.01648692557 12.6910876148 3.89153356309 16.5826211779 0.306635150681 0.318172126391
0.52 1.01322891431 12.6936902028 3.89348709615 16.5871772989 0.306726179224 0.318220626839
0.521 1.00998816139 12.696280061 3.89543063319 16.5917106942 0.306816690754 0.318268829461
0.522 1.00676455201 12.6988572886 3.89736424552 16.5962215341 0.306906689079 0.318316736659
0.523 1.00355797223 12.7014219837 3.89928800383 16.6007099876 0.306996177973 0.318364350806
0.524 1.00036830901 12.7039742436 3.90120197819 16.6051762218 0.307085161178 0.318411674254
0.525 0.997195450167 12.7065141643 3.90310623806 16.6096204024 0.307173642399 0.318458709334
0.526 0.994039284389 12.7090418412 3.90500085227 16.6140426935 0.307261625311 0.318505458351
0.527 0.990899701225 12.7115573685 3.90688588908 16.6184432575 0.307349113553 0.31855192359
0.528 0.987776591072 12.7140608394 3.90876141612 16.6228222556 0.307436110735 0.31859810731
0.529 0.984669845171 12.7165523465 3.91062750045 16.627179847 0.307522620431 0.318644011753
0.53 0.9815793556 12.7190319812 3.91248420855 16.6315161898 0.307608646186 0.318689639136
0.531 0.978505015266 12.7214998342 3.9143316063 16.6358314405 0.307694191512 0.318734991656
0.532 0.975446717901 12.7239559949 3.91616975901 16.640125754 0.307779259891 0.318780071486
0.533 0.972404358048 12.7264005524 3.91799873146 16.6443992839 0.307863854773 0.318824880782
0.534 0.969377831064 12.7288335945 3.91981858781 16.6486521823 0.307947979578 0.318869421676
0.535 0.966367033104 12.7312552083 3.92162939172 16.6528846 0.308031637695 0.318913696281
0.536 0.96337186112 12.7336654799 3.92343120626 16.6570966861 0.308114832485 0.31895770669
0.537 0.960392212854 12.7360644948 3.92522409398 16.6612885888 0.308197567277 0.319001454974
0.538 0.957427986827 12.7384523375 3.92700811687 16.6654604543 0.308279845373 0.319044943187
0.539 0.954479082338 12.7408290916 3.92878333643 16.669612428 0.308361670043 0.31908817336
0.54 0.951545399455 12.7431948402 3.93054981357 16.6737446537 0.308443044532 0.319131147507
0.541 0.948626839005 12.7455496652 3.93230760873 16.6778572739 0.308523972055 0.319173867622
0.542 0.945723302576 12.747893648 3.9340567818 16.6819504298 0.308604455798 0.31921633568
0.543 0.942834692503 12.750226869 3.93579739218 16.6860242612 0.308684498919 0.319258553637
0.544 0.939960911864 12.7525494081 3.93752949875 16.6900789069 0.308764104552 0.319300523432
0.545 0.937101864476 12.7548613441 3.93925315989 16.694114504 0.308843275799 0.319342246983
0.546 0.934257454886 12.7571627554 3.94096843349 16.6981311889 0.308922015739 0.319383726192
0.547 0.931427588366 12.7594537192 3.94267537694 16.7021290961 0.309000327421 0.319424962942
0.548 0.928612170907 12.7617343124 3.94437404716 16.7061083595 0.30907821387 0.319465959098
0.549 0.925811109213 12.7640046109 3.94606450055 16.7100691114 0.309155678085 0.319506716509
0.55 0.923024310695 12.7662646899 3.94774679308 16.714011483 0.309232723037 0.319547237004
0.551 0.920251683465 12.7685146241 3.94942098021 16.7179356043 0.309309351673 0.319587522397
0.552 0.917493136329 12.7707544872 3.95108711696 16.7218416042 0.309385566915 0.319627574484
0.553 0.914748578783 12.7729843524 3.95274525786 16.7257296102 0.309461371659 0.319667395045
0.554 0.912017921007 12.775204292 3.95439545701 16.729599749 0.309536768776 0.319706985843
0.555 0.909301073858 12.777414378 3.95603776803 16.733452146 0.309611761113 0.319746348624
0.556 0.906597948866 12.7796146812 3.95767224411 16.7372869253 0.309686351493 0.319785485118
0.557 0.903908458226 12.7818052722 3.95929893799 16.7411042102 0.309760542715 0.319824397039
0.558 0.901232514795 12.7839862207 3.96091790196 16.7449041226 0.309834337552 0.319863086086
0.559 0.898570032087 12.7861575957 3.96252918788 16.7486867836 0.309907738757 0.319901553941
0.56 0.895920924262 12.7883194658 3.96413284718 16.752452313 0.309980749056 0.31993980227
0.561 0.893285106128 12.7904718987 3.96572893086 16.7562008296 0.310053371155 0.319977832726
0.562 0.89066249313 12.7926149616 3.9673174895 16.7599324511 0.310125607735 0.320015646944
0.563 0.888053001348 12.7947487211 3.96889857325 16.7636472943 0.310197461456 0.320053246545
0.564 0.88545654749 12.7968732431 3.97047223185 16.7673454749 0.310268934953 0.320090633136
0.565 0.882873048888 12.7989885928 3.97203851465 16.7710271075 0.310340030842 0.320127808308
0.566 0.880302423491 12.8010948351 3.97359747055 16.7746923057 0.310410751715 0.320164773638
0.567 0.877744589861 12.8031920341 3.97514914808 16.7783411822 0.310481100142 0.320201530689
0.568 0.875199467169 12.8052802532 3.97669359535 16.7819738486 0.310551078673 0.320238081008
0.569 0.872666975188 12.8073595555 3.9782308601 16.7855904156 0.310620689836 0.32027442613
0.57 0.870147034289 12.8094300033 3.97976098966 16.7891909929 0.310689936136 0.320310567575
0.571 0.867639565435 12.8114916583 3.98128403097 16.7927756893 0.310758820061 0.320346506849
0.572 0.865144490177 12.8135445819 3.98280003059 16.7963446125 0.310827344075 0.320382245444
0.573 0.862661730651 12.8155888347 3.9843090347 16.7998978694 0.310895510622 0.32041778484
0.574 0.860191209568 12.8176244769 3.98581108911 16.803435566 0.310963322127 0.320453126502
0.575 0.857732850215 12.8196515679 3.98730623924 16.8069578072 0.311030780994 0.320488271883
0.576 0.855286576445 12.8216701669 3.98879453015 16.8104646971 0.311097889606 0.320523222423
0.577 0.852852312678 12.8236803323 3.99027600655 16.8139563389 0.31116465033 0.320557979546
0.578 0.850429983891 12.8256821222 3.99175071276 16.8174328349 0.311231065509 0.320592544667
0.579 0.848019515616 12.8276755939 3.99321869275 16.8208942866 0.311297137469 0.320626919187
0.58 0.845620833934 12.8296608044 3.99467999015 16.8243407945 0.311362868517 0.320661104494
0.581 0.843233865474 12.8316378101 3.99613464821 16.8277724583 0.31142826094 0.320695101963
0.582 0.840858537404 12.833606667 3.99758270985 16.8311893768 0.311493317007 0.320728912959
0.583 0.838494777429 12.8355674304 3.99902421764 16.834591648 0.311558038968 0.320762538833
0.584 0.836142513785 12.8375201552 4.00045921382 16.8379793691 0.311622429055 0.320795980923
0.585 0.833801675237 12.839464896 4.00188774026 16.8413526363 0.311686489481 0.320829240558
0.586 0.831472191072 12.8414017067 4.00330983853 16.8447115452 0.311750222443 0.320862319053
0.587 0.829153991097 12.8433306406 4.00472554984 16.8480561905 0.311813630117 0.320895217712
0.588 0.826847005634 12.8452517509 4.00613491508 16.851386666 0.311876714663 0.320927937827
0.589 0.824551165514 12.84716509 4.00753797482 16.8547030648 0.311939478224 0.320960480679
0.59 0.822266402074 12.84907071 4.0089347693 16.8580054793 0.312001922924 0.320992847538
0.591 0.819992647156 12.8509686625 4.01032533844 16.8612940009 0.312064050872 0.321025039663
0.592 0.817729833095 12.8528589986 4.01170972184 16.8645687204 0.312125864158 0.321057058301
0.593 0.815477892725 12.8547417691 4.01308795879 16.8678297279 0.312187364855 0.321088904688
0.594 0.813236759367 12.8566170242 4.01446008827 16.8710771125 0.312248555022 0.321120580049
0.595 0.811006366827 12.8584848137 4.01582614896 16.8743109627 0.312309436698 0.321152085601
0.596 0.808786649394 12.860345187 4.0171861792 16.8775313662 0.312370011908 0.321183422547
0.597 0.806577541836 12.862198193 4.01854021707 16.8807384101 0.312430282659 0.32121459208
0.598 0.804378979393 12.8640438804 4.01988830032 16.8839321807 0.312490250944 0.321245595385
0.599 0.802190897774 12.8658822971 4.02123046643 16.8871127635 0.312549918737 0.321276433633
0.6 0.800013233157 12.8677134908 4.02256675255 16.8902802434 0.312609288 0.321307107989
0.601 0.797845922181 12.8695375089 4.02389719557 16.8934347045 0.312668360677 0.321337619604
0.602 0.795688901944 12.8713543982 4.02522183208 16.8965762303 0.312727138696 0.321367969622
0.603 0.793542109997 12.8731642051 4.02654069838 16.8997049035 0.312785623971 0.321398159175
0.604 0.791405484344 12.8749669758 4.02785383048 16.9028208063 0.3128438184 0.321428189386
0.605 0.789278963436 12.8767627558 4.02916126414 16.90592402 0.312901723867 0.321458061369
0.606 0.787162486168 12.8785515906 4.0304630348 16.9090146254 0.312959342241 0.321487776228
0.607 0.785055991873 12.8803335248 4.03175917766 16.9120927025 0.313016675374 0.321517335057
0.608 0.782959420324 12.8821086032 4.03304972761 16.9151583308 0.313073725106 0.32154673894
0.609 0.780872711725 12.8838768697 4.03433471932 16.918211589 0.313130493261 0.321575988954
0.61 0.778795806708 12.8856383681 4.03561418714 16.9212525553 0.313186981649 0.321605086165
0.611 0.776728646335 12.8873931419 4.03688816518 16.924281307 0.313243192067 0.32163403163
0.612 0.774671172087 12.8891412339 4.03815668729 16.9272979212 0.313299126295 0.321662826397
0.613 0.772623325864 12.890882687 4.03941978704 16.930302474 0.313354786102 0.321691471507
0.614 0.770585049986 12.8926175433 4.04067749777 16.9332950411 0.313410173241 0.321719967989
0.615 0.768556287179 12.8943458448 4.04192985253 16.9362756973 0.313465289452 0.321748316865
0.616 0.766536980584 12.896067633 4.04317688415 16.9392445172 0.313520136463 0.321776519148
0.617 0.764527073742 12.8977829493 4.04441862518 16.9422015745 0.313574715987 0.321804575843
0.618 0.762526510602 12.8994918344 4.04565510794 16.9451469424 0.313629029722 0.321832487946
0.619 0.760535235507 12.901194329 4.04688636449 16.9480806935 0.313683079356 0.321860256444
0.62 0.7585531932 12.9028904732 4.04811242665 16.9510028998 0.313736866563 0.321887882318
0.621 0.756580328813 12.9045803068 4.049333326 16.9539136328 0.313790393002 0.321915366537
0.622 0.754616587872 12.9062638695 4.05054909388 16.9568129634 0.313843660321 0.321942710065
0.623 0.752661916284 12.9079412005 4.05175976139 16.9597009618 0.313896670156 0.321969913856
0.624 0.750716260344 12.9096123385 4.05296535939 16.9625776979 0.313949424128 0.321996978858
0.625 0.748779566724 12.9112773222 4.05416591851 16.9654432408 0.314001923847 0.322023906009
0.626 0.746851782475 12.9129361899 4.05536146914 16.968297659 0.314054170911 0.322050696241
0.627 0.744932855022 12.9145889794 4.05655204146 16.9711410209 0.314106166904 0.322077350477
0.628 0.743022732159 12.9162357284 4.05773766541 16.9739733938 0.3141579134 0.322103869631
0.629 0.74112136205 12.9178764741 4.0589183707 16.9767948448 0.314209411959 0.322130254614
0.63 0.739228693224 12.9195112537 4.06009418682 16.9796054405 0.31426066413 0.322156506324
0.631 0.737344674572 12.9211401037 4.06126514303 16.9824052467 0.314311671451 0.322182625655
0.632 0.735469255345 12.9227630605 4.0624312684 16.985194329 0.314362435446 0.322208613492
0.633 0.733602385148 12.9243801604 4.06359259175 16.9879727521 0.314412957629 0.322234470714
0.634 0.731744013942 12.925991439 4.06474914169 16.9907405807 0.314463239502 0.322260198193
0.635 0.729894092038 12.9275969319 4.06590094663 16.9934978786 0.314513282557 0.322285796791
0.636 0.728052570094 12.9291966744 4.06704803476 16.9962447092 0.314563088271 0.322311267365
0.637 0.726219399116 12.9307907013 4.06819043406 16.9989811354 0.314612658115 0.322336610766
0.638 0.724394530448 12.9323790474 4.0693281723 17.0017072197 0.314661993544 0.322361827835
0.639 0.722577915779 12.9339617469 4.07046127704 17.004423024 0.314711096004 0.32238691941
0.64 0.72076950713 12.9355388341 4.07158977565 17.0071286097 0.314759966931 0.322411886318
0.641 0.718969256859 12.9371103427 4.07271369528 17.009824038 0.314808607749 0.322436729383
0.642 0.717177117655 12.9386763063 4.07383306289 17.0125093692 0.314857019871 0.322461449419
0.643 0.715393042536 12.9402367583 4.07494790524 17.0151846635 0.314905204701 0.322486047236
0.644 0.713616984846 12.9417917315 4.07605824888 17.0178499804 0.314953163631 0.322510523636
0.645 0.711848898255 12.9433412588 4.07716412019 17.020505379 0.315000898042 0.322534879415
0.646 0.710088736751 12.9448853727 4.07826554533 17.0231509181 0.315048409306 0.322559115362
0.647 0.708336454642 12.9464241055 4.07936255027 17.0257866557 0.315095698785 0.322583232261
0.648 0.706592006552 12.947957489 4.08045516081 17.0284126498 0.315142767829 0.322607230887
0.649 0.70485534742 12.9494855551 4.08154340255 17.0310289576 0.31518961778 0.322631112011
0.65 0.703126432495 12.9510083352 4.08262730089 17.0336356361 0.315236249969 0.322654876398
0.651 0.701405217334 12.9525258605 4.08370688106 17.0362327416 0.315282665716 0.322678524806
0.652 0.699691657801 12.9540381621 4.0847821681 17.0388203302 0.315328866334 0.322702057986
0.653 0.697985710065 12.9555452707 4.08585318687 17.0413984576 0.315374853123 0.322725476685
0.654 0.696287330595 12.9570472167 4.08691996205 17.0439671788 0.315420627376 0.322748781641
0.655 0.694596476159 12.9585440306 4.08798251813 17.0465265487 0.315466190375 0.322771973591
0.656 0.692913103822 12.9600357421 4.08904087944 17.0490766216 0.315511543394 0.322795053261
0.657 0.691237170945 12.9615223813 4.09009507011 17.0516174514 0.315556687694 0.322818021374
0.658 0.689568635179 12.9630039775 4.09114511412 17.0541490917 0.315601624532 0.322840878646
0.659 0.687907454465 12.9644805603 4.09219103526 17.0566715955 0.31564635515 0.322863625789
0.66 0.686253587032 12.9659521585 4.09323285716 17.0591850157 0.315690880787 0.322886263508
0.661 0.684606991396 12.9674188012 4.09427060327 17.0616894045 0.315735202667 0.322908792502
0.662 0.682967626352 12.968880517 4.09530429688 17.0641848139 0.31577932201 0.322931213466
0.663 0.68133545098 12.9703373343 4.09633396109 17.0666712954 0.315823240023 0.322953527089
0.664 0.679710424636 12.9717892813 4.09735961887 17.0691489001 0.315866957906 0.322975734052
0.665 0.678092506953 12.973236386 4.098381293 17.071617679 0.315910476852 0.322997835036
0.666 0.67648165784 12.9746786762 4.0993990061 17.0740776823 0.315953798042 0.323019830711
0.667 0.674877837475 12.9761161794 4.10041278064 17.07652896 0.31599692265 0.323041721745
0.668 0.673281006308 12.9775489231 4.10142263892 17.078971562 0.316039851842 0.323063508801
0.669 0.671691125057 12.9789769343 4.10242860307 17.0814055373 0.316082586775 0.323085192534
0.67 0.670108154706 12.98040024 4.10343069509 17.0838309351 0.316125128596 0.323106773597
0.671 0.668532056501 12.9818188669 4.10442893679 17.0862478037 0.316167478447 0.323128252636
0.672 0.666962791953 12.9832328416 4.10542334987 17.0886561914 0.316209637459 0.323149630293
0.673 0.665400322828 12.9846421903 4.10641395583 17.0910561461 0.316251606755 0.323170907204
0.674 0.663844611155 12.9860469393 4.10740077603 17.0934477153 0.316293387452 0.323192084001
0.675 0.662295619214 12.9874471143 4.10838383171 17.0958309461 0.316334980658 0.323213161311
0.676 0.660753309543 12.9888427413 4.10936314392 17.0982058852 0.316376387471 0.323234139755
0.677 0.659217644927 12.9902338457 4.11033873358 17.1005725793 0.316417608983 0.32325501995
0.678 0.657688588405 12.9916204528 4.11131062146 17.1029310743 0.316458646279 0.323275802509
0.679 0.656166103261 12.9930025878 4.11227882819 17.105281416 0.316499500434 0.323296488039
0.68 0.654650153028 12.9943802757 4.11324337424 17.10762365 0.316540172517 0.323317077143
0.681 0.653140701479 12.9957535413 4.11420427995 17.1099578213 0.316580663589 0.323337570419
0.682 0.651637712633 12.9971224092 4.11516156551 17.1122839747 0.316620974702 0.323357968461
0.683 0.650141150746 12.9984869037 4.11611525097 17.1146021546 0.316661106903 0.323378271858
0.684 0.648650980316 12.9998470491 4.11706535625 17.1169124053 0.316701061229 0.323398481194
0.685 0.647167166075 13.0012028694 4.11801190112 17.1192147705 0.316740838711 0.323418597049
0.686 0.64568967299 13.0025543886 4.1189549052 17.1215092938 0.316780440374 0.323438619999
0.687 0.644218466263 13.0039016303 4.11989438801 17.1237960183 0.316819867232 0.323458550615
0.688 0.642753511325 13.005244618 4.1208303689 17.1260749869 0.316859120296 0.323478389464
0.689 0.641294773837 13.0065833751 4.1217628671 17.1283462422 0.316898200567 0.323498137108
0.69 0.639842219688 13.0079179248 4.12269190171 17.1306098265 0.316937109039 0.323517794107
0.691 0.638395814994 13.00924829 4.12361749168 17.1328657817 0.316975846701 0.323537361013
0.692 0.636955526094 13.0105744936 4.12453965585 17.1351141495 0.317014414534 0.323556838377
0.693 0.635521319548 13.0118965583 4.12545841292 17.1373549712 0.317052813511 0.323576226744
0.694 0.634093162141 13.0132145065 4.12637378147 17.139588288 0.317091044599 0.323595526655
0.695 0.632671020873 13.0145283607 4.12728577993 17.1418141406 0.317129108759 0.323614738649
0.696 0.631254862965 13.0158381428 4.12819442663 17.1440325695 0.317167006943 0.323633863259
0.697 0.629844655849 13.0171438751 4.12909973975 17.1462436149 0.3172047401 0.323652901014
0.698 0.628440367177 13.0184455793 4.13000173737 17.1484473166 0.317242309169 0.323671852439
0.699 0.62704196481 13.0197432771 4.13090043742 17.1506437145 0.317279715084 0.323690718056
0.7 0.625649416821 13.02103699 4.13179585773 17.1528328478 0.317316958772 0.323709498383
0.701 0.624262691491 13.0223267395 4.132688016 17.1550147555 0.317354041154 0.323728193933
0.702 0.62288175731 13.0236125467 4.13357692981 17.1571894765 0.317390963143 0.323746805216
0.703 0.621506582975 13.0248944328 4.1344626166 17.1593570494 0.317427725648 0.323765332738
0.704 0.620137137386 13.0261724186 4.13534509373 17.1615175123 0.31746432957 0.323783777002
0.705 0.618773389647 13.0274465249 4.13622437842 17.1636709033 0.317500775805 0.323802138505
0.706 0.617415309062 13.0287167723 4.13710048776 17.1658172601 0.317537065242 0.323820417743
0.707 0.616062865139 13.0299831814 4.13797343875 17.1679566201 0.317573198764 0.323838615207
0.708 0.614716027579 13.0312457724 4.13884324826 17.1700890206 0.317609177247 0.323856731384
0.709 0.613374766285 13.0325045654 4.13970993305 17.1722144985 0.317645001562 0.323874766759
0.71 0.612039051353 13.0337595807 4.14057350978 17.1743330905 0.317680672575 0.323892721811
0.711 0.610708853072 13.035010838 4.14143399496 17.1764448329 0.317716191144 0.323910597018
0.712 0.609384141927 13.036258357 4.14229140503 17.178549762 0.317751558123 0.323928392852
0.713 0.608064888591 13.0375021575 4.1431457563 17.1806479138 0.317786774357 0.323946109784
0.714 0.606751063929 13.0387422588 4.14399706496 17.1827393238 0.317821840689 0.32396374828
0.715 0.605442638994 13.0399786804 4.14484534713 17.1848240275 0.317856757954 0.323981308803
0.716 0.604139585023 13.0412114413 4.14569061877 17.1869020601 0.317891526981 0.323998791812
0.717 0.602841873443 13.0424405608 4.14653289578 17.1889734566 0.317926148596 0.324016197763
0.718 0.601549475862 13.0436660576 4.14737219392 17.1910382516 0.317960623616 0.32403352711
0.719 0.600262364072 13.0448879507 4.14820852887 17.1930964796 0.317994952855 0.324050780301
0.72 0.598980510046 13.0461062586 4.14904191618 17.1951481748 0.318029137119 0.324067957784
0.721 0.597703885937 13.0473209999 4.14987237133 17.1971933712 0.318063177211 0.32408506
0.722 0.596432464077 13.048532193 4.15069990965 17.1992321027 0.318097073927 0.324102087391
0.723 0.595166216976 13.0497398562 4.15152454642 17.2012644026 0.318130828059 0.324119040392
0.724 0.593905117319 13.0509440077 4.15234629678 17.2032903044 0.318164440392 0.324135919437
0.725 0.592649137966 13.0521446653 4.15316517579 17.2053098411 0.318197911706 0.324152724956
0.726 0.59139825195 13.0533418472 4.15398119841 17.2073230456 0.318231242776 0.324169457376
0.727 0.590152432477 13.0545355709 4.15479437948 17.2093299504 0.318264434373 0.324186117122
0.728 0.588911652925 13.0557258542 4.15560473377 17.211330588 0.318297487261 0.324202704615
0.729 0.587675886838 13.0569127147 4.15641227594 17.2133249906 0.318330402199 0.324219220272
0.73 0.586445107933 13.0580961696 4.15721702056 17.2153131902 0.318363179943 0.324235664508
0.731 0.585219290089 13.0592762363 4.15801898208 17.2172952184 0.318395821241 0.324252037736
0.732 0.583998407357 13.060452932 4.15881817489 17.2192711069 0.318428326838 0.324268340365
0.733 0.582782433947 13.0616262737 4.15961461326 17.221240887 0.318460697473 0.3242845728
0.734 0.581571344236 13.0627962784 4.16040831138 17.2232045898 0.31849293388 0.324300735446
0.735 0.580365112762 13.0639629628 4.16119928335 17.2251622461 0.31852503679 0.324316828701
0.736 0.579163714224 13.0651263437 4.16198754316 17.2271138868 0.318557006926 0.324332852965
0.737 0.577967123481 13.0662864376 4.16277310472 17.2290595424 0.318588845009 0.324348808631
0.738 0.576775315551 13.0674432611 4.16355598186 17.230999243 0.318620551753 0.324364696092
0.739 0.57558826561 13.0685968305 4.1643361883 17.2329330188 0.318652127869 0.324380515736
0.74 0.574405948989 13.069747162 4.16511373768 17.2348608997 0.318683574062 0.32439626795
0.741 0.573228341176 13.0708942719 4.16588864356 17.2367829154 0.318714891033 0.324411953117
0.742 0.572055417812 13.072038176 4.1666609194 17.2386990954 0.318746079479 0.324427571619
0.743 0.570887154691 13.0731788904 4.16743057858 17.240609469 0.31877714009 0.324443123834
0.744 0.569723527758 13.0743164309 4.16819763438 17.2425140653 0.318808073555 0.324458610136
0.745 0.568564513112 13.0754508132 4.16896210002 17.2444129132 0.318838880555 0.324474030899
0.746 0.567410086999 13.0765820528 4.16972398861 17.2463060414 0.318869561768 0.324489386494
0.747 0.566260225813 13.0777101654 4.17048331318 17.2481934786 0.318900117868 0.324504677287
0.748 0.565114906098 13.0788351662 4.1712400867 17.2500752529 0.318930549525 0.324519903644
0.749 0.563974104543 13.0799570706 4.17199432202 17.2519513926 0.318960857402 0.324535065928
0.75 0.562837797982 13.0810758938 4.17274603194 17.2538219257 0.31899104216 0.324550164498
0.751 0.561705963394 13.0821916508 4.17349522915 17.25568688 0.319021104455 0.324565199712
0.752 0.560578577902 13.0833043567 4.17424192628 17.257546283 0.319051044939 0.324580171924
0.753 0.559455618769 13.0844140264 4.17498613587 17.2594001623 0.31908086426 0.324595081488
0.754 0.558337063401 13.0855206746 4.17572787039 17.261248545 0.31911056306 0.324609928754
0.755 0.557222889344 13.086624316 4.17646714221 17.2630914582 0.319140141978 0.324624714069
0.756 0.556113074284 13.0877249652 4.17720396364 17.2649289289 0.319169601649 0.324639437777
0.757 0.555007596042 13.0888226368 4.17793834691 17.2667609837 0.319198942705 0.324654100223
0.758 0.55390643258 13.0899173451 4.17867030417 17.2685876492 0.319228165771 0.324668701746
0.759 0.552809561995 13.0910091044 4.17939984747 17.2704089519 0.319257271471 0.324683242685
0.76 0.551716962517 13.092097929 4.18012698883 17.2722249178 0.319286260422 0.324697723375
0.761 0.550628612513 13.093183833 4.18085174016 17.2740355731 0.319315133239 0.32471214415
0.762 0.549544490482 13.0942668304 4.1815741133 17.2758409437 0.319343890534 0.324726505341
0.763 0.548464575056 13.0953469351 4.18229412001 17.2776410551 0.319372532911 0.324740807276
0.764 0.547388844998 13.096424161 4.18301177201 17.279435933 0.319401060975 0.324755050283
0.765 0.546317279201 13.0974985219 4.1837270809 17.2812256028 0.319429475323 0.324769234686
0.766 0.545249856688 13.0985700314 4.18444005823 17.2830100896 0.319457776552 0.324783360806
0.767 0.544186556612 13.0996387031 4.18515071549 17.2847894186 0.319485965251 0.324797428964
0.768 0.54312735825 13.1007045504 4.18585906406 17.2865636145 0.319514042008 0.324811439478
0.769 0.542072241009 13.1017675869 4.1865651153 17.2883327022 0.319542007407 0.324825392663
0.77 0.541021184421 13.1028278258 4.18726888045 17.2900967062 0.319569862027 0.324839288832
0.771 0.539974168142 13.1038852803 4.18797037071 17.291855651 0.319597606445 0.324853128298
0.772 0.538931171954 13.1049399635 4.18866959719 17.2936095607 0.319625241233 0.324866911368
0.773 0.53789217576 13.1059918886 4.18936657096 17.2953584596 0.31965276696 0.324880638351
0.774 0.536857159587 13.1070410686 4.19006130299 17.2971023716 0.319680184191 0.32489430955
0.775 0.535826103583 13.1080875162 4.1907538042 17.2988413204 0.319707493486 0.32490792527
0.776 0.534798988015 13.1091312443 4.19144408544 17.3005753298 0.319734695406 0.324921485811
0.777 0.533775793272 13.1101722657 4.19213215748 17.3023044232 0.319761790502 0.324934991471
0.778 0.532756499861 13.111210593 4.19281803105 17.304028624 0.319788779328 0.324948442549
0.779 0.531741088407 13.1122462387 4.19350171677 17.3057479555 0.319815662429 0.324961839338
0.78 0.530729539652 13.1132792154 4.19418322525 17.3074624407 0.31984244035 0.324975182131
0.781 0.529721834455 13.1143095354 4.19486256699 17.3091721024 0.319869113632 0.324988471219
0.782 0.52871795379 13.1153372111 4.19553975244 17.3108769636 0.319895682811 0.325001706892
0.783 0.527717878745 13.1163622547 4.196214792 17.3125770467 0.319922148421 0.325014889436
0.784 0.526721590524 13.1173846785 4.19688769598 17.3142723744 0.319948510992 0.325028019137
0.785 0.525729070443 13.1184044944 4.19755847464 17.315962969 0.319974771051 0.325041096277
0.786 0.524740299929 13.1194217145 4.19822713818 17.3176488527 0.320000929122 0.325054121138
0.787 0.523755260524 13.1204363507 4.19889369674 17.3193300475 0.320026985726 0.325067094
0.788 0.522773933877 13.121448415 4.19955816038 17.3210065754 0.320052941379 0.325080015139
0.789 0.521796301749 13.1224579191 4.20022053912 17.3226784582 0.320078796595 0.325092884831
0.79 0.52082234601 13.1234648747 4.20088084291 17.3243457177 0.320104551885 0.325105703352
0.791 0.519852048638 13.1244692936 4.20153908164 17.3260083752 0.320130207756 0.325118470972
0.792 0.51888539172 13.1254711871 4.20219526513 17.3276664522 0.320155764713 0.325131187961
0.793 0.517922357449 13.1264705669 4.20284940315 17.3293199701 0.320181223257 0.325143854589
0.794 0.516962928123 13.1274674444 4.20350150542 17.3309689498 0.320206583884 0.325156471122
0.795 0.516007086148 13.1284618309 4.20415158159 17.3326134125 0.320231847092 0.325169037825
0.796 0.515054814033 13.1294537377 4.20479964124 17.334253379 0.320257013371 0.325181554961
0.797 0.514106094391 13.1304431761 4.20544569391 17.33588887 0.320282083209 0.325194022792
0.798 0.513160909939 13.1314301572 4.20608974909 17.3375199063 0.320307057094 0.325206441577
0.799 0.512219243497 13.132414692 4.20673181618 17.3391465082 0.320331935507 0.325218811575
0.8 0.511281077985 13.1333967916 4.20737190455 17.3407686962 0.320356718928 0.325231133041
0.801 0.510346396427 13.134376467 4.20801002351 17.3423864905 0.320381407834 0.325243406231
0.802 0.509415181944 13.1353537289 4.20864618231 17.3439999112 0.320406002699 0.325255631397
0.803 0.50848741776 13.1363285882 4.20928039014 17.3456089783 0.320430503994 0.325267808792
0.804 0.507563087195 13.1373010557 4.20991265615 17.3472137118 0.320454912186 0.325279938664
0.805 0.506642173671 13.1382711419 4.21054298942 17.3488141313 0.320479227741 0.325292021262
0.806 0.505724660705 13.1392388576 4.21117139897 17.3504102566 0.320503451121 0.325304056832
0.807 0.504810531911 13.1402042133 4.2117978938 17.3520021071 0.320527582785 0.325316045619
0.808 0.503899771 13.1411672194 4.21242248281 17.3535897022 0.320551623191 0.325327987866
0.809 0.50299236178 13.1421278864 4.21304517488 17.3551730613 0.320575572791 0.325339883816
0.81 0.502088288153 13.1430862246 4.21366597883 17.3567522035 0.320599432037 0.325351733707
0.811 0.501187534114 13.1440422444 4.21428490342 17.3583271478 0.320623201377 0.32536353778
0.812 0.500290083754 13.1449959558 4.21490195736 17.3598979132 0.320646881256 0.325375296271
0.813 0.499395921256 13.1459473692 4.21551714932 17.3614645185 0.320670472118 0.325387009415
0.814 0.498505030896 13.1468964946 4.2161304879 17.3630269825 0.320693974402 0.325398677447
0.815 0.49761739704 13.1478433421 4.21674198167 17.3645853237 0.320717388546 0.325410300598
0.816 0.496733004148 13.1487879215 4.21735163913 17.3661395607 0.320740714984 0.325421879101
0.817 0.495851836769 13.149730243 4.21795946874 17.3676897117 0.320763954149 0.325433413184
0.818 0.494973879542 13.1506703163 4.21856547891 17.3692357952 0.320787106471 0.325444903076
0.819 0.494099117196 13.1516081512 4.21916967799 17.3707778292 0.320810172375 0.325456349003
0.82 0.493227534548 13.1525437575 4.2197720743 17.3723158318 0.320833152287 0.32546775119
0.821 0.492359116504 13.1534771448 4.2203726761 17.3738498209 0.320856046628 0.325479109862
0.822 0.491493848056 13.1544083228 4.22097149159 17.3753798144 0.320878855818 0.32549042524
0.823 0.490631714285 13.1553373011 4.22156852895 17.3769058301 0.320901580272 0.325501697545
0.824 0.489772700357 13.1562640892 4.22216379628 17.3784278855 0.320924220406 0.325512926997
0.825 0.488916791523 13.1571886965 4.22275730166 17.3799459982 0.32094677663 0.325524113814
0.826 0.488063973123 13.1581111324 4.22334905311 17.3814601855 0.320969249355 0.325535258212
0.827 0.487214230576 13.1590314064 4.2239390586 17.382970465 0.320991638986 0.325546360408
0.828 0.48636754939 13.1599495276 4.22452732606 17.3844768536 0.321013945928 0.325557420614
0.829 0.485523915154 13.1608655053 4.22511386337 17.3859793686 0.321036170583 0.325568439043
0.83 0.48468331354 13.1617793487 4.22569867837 17.387478027 0.321058313351 0.325579415908
0.831 0.483845730303 13.1626910669 4.22628177885 17.3889728457 0.321080374627 0.325590351416
0.832 0.48301115128 13.163600669 4.22686317256 17.3904638415 0.321102354808 0.325601245779
0.833 0.482179562388 13.164508164 4.22744286719 17.3919510311 0.321124254286 0.325612099201
0.834 0.481350949626 13.1654135608 4.2280208704 17.3934344312 0.32114607345 0.325622911891
0.835 0.480525299073 13.1663168685 4.22859718981 17.3949140583 0.321167812688 0.325633684051
0.836 0.479702596887 13.1672180958 4.22917183298 17.3963899288 0.321189472385 0.325644415886
0.837 0.478882829305 13.1681172516 4.22974480743 17.397862059 0.321211052925 0.325655107599
0.838 0.478065982644 13.1690143446 4.23031612065 17.3993304652 0.321232554689 0.325665759388
0.839 0.477252043297 13.1699093835 4.23088578007 17.4007951636 0.321253978055 0.325676371455
0.84 0.476440997737 13.170802377 4.23145379309 17.4022561701 0.321275323398 0.325686943998
0.841 0.475632832511 13.1716933337 4.23202016706 17.4037135008 0.321296591095 0.325697477214
0.842 0.474827534245 13.1725822621 4.2325849093 17.4051671714 0.321317781515 0.325707971299
0.843 0.47402508964 13.1734691708 4.23314802706 17.4066171979 0.32133889503 0.325718426447
0.844 0.473225485471 13.1743540682 4.23370952758 17.4080635958 0.321359932006 0.325728842852
0.845 0.472428708592 13.1752369627 4.23426941805 17.4095063808 0.321380892809 0.325739220707
0.846 0.471634745928 13.1761178627 4.2348277056 17.4109455683 0.321401777801 0.325749560202
0.847 0.470843584478 13.1769967765 4.23538439735 17.4123811739 0.321422587345 0.325759861527
0.848 0.470055211316 13.1778737124 4.23593950035 17.4138132127 0.321443321799 0.325770124871
0.849 0.469269613589 13.1787486785 4.23649302163 17.4152417001 0.32146398152 0.325780350423
0.85 0.468486778516 13.179621683 4.23704496818 17.4166666512 0.321484566862 0.325790538367
0.851 0.467706693387 13.1804927342 4.23759534693 17.4180880811 0.321505078178 0.32580068889
0.852 0.466929345565 13.1813618399 4.23814416479 17.4195060047 0.32152551582 0.325810802175
0.853 0.466154722484 13.1822290084 4.23869142863 17.420920437 0.321545880134 0.325820878406
0.854 0.465382811648 13.1830942475 4.23923714527 17.4223313927 0.321566171469 0.325830917764
0.855 0.464613600631 13.1839575651 4.2397813215 17.4237388866 0.321586390168 0.325840920431
0.856 0.463847077078 13.1848189693 4.24032396407 17.4251429334 0.321606536574 0.325850886586
0.857 0.463083228702 13.1856784678 4.2408650797 17.4265435475 0.321626611028 0.325860816407
0.858 0.462322043285 13.1865360684 4.24140467505 17.4279407435 0.321646613867 0.325870710073
0.859 0.461563508677 13.187391779 4.24194275677 17.4293345358 0.321666545429 0.325880567758
0.86 0.460807612797 13.1882456071 4.24247933145 17.4307249386 0.321686406049 0.32589038964
0.861 0.460054343631 13.1890975606 4.24301440565 17.4321119662 0.321706196058 0.325900175892
0.862 0.459303689231 13.1899476469 4.24354798591 17.4334956329 0.321725915788 0.325909926687
0.863 0.458555637716 13.1907958738 4.2440800787 17.4348759525 0.321745565567 0.325919642197
0.864 0.457810177273 13.1916422487 4.24461069049 17.4362529392 0.321765145723 0.325929322594
0.865 0.457067296152 13.1924867792 4.24513982768 17.4376266069 0.32178465658 0.325938968047
0.866 0.45632698267 13.1933294727 4.24566749666 17.4389969693 0.321804098462 0.325948578726
0.867 0.455589225207 13.1941703366 4.24619370378 17.4403640403 0.32182347169 0.325958154799
0.868 0.45485401221 13.1950093783 4.24671845535 17.4417278336 0.321842776584 0.325967696433
0.869 0.454121332188 13.1958466051 4.24724175763 17.4430883627 0.321862013461 0.325977203793
0.87 0.453391173714 13.1966820243 4.24776361688 17.4444456412 0.321881182637 0.325986677045
0.871 0.452663525425 13.1975156433 4.24828403929 17.4457996826 0.321900284426 0.325996116353
0.872 0.45193837602 13.1983474691 4.24880303103 17.4471505002 0.32191931914 0.32600552188
0.873 0.45121571426 13.199177509 4.24932059825 17.4484981073 0.32193828709 0.326014893787
0.874 0.450495528968 13.2000057701 4.24983674705 17.4498425172 0.321957188585 0.326024232237
0.875 0.44977780903 13.2008322595 4.2503514835 17.451183743 0.321976023931 0.326033537388
0.876 0.449062543392 13.2016569843 4.25086481363 17.4525217979 0.321994793433 0.326042809401
0.877 0.44834972106 13.2024799514 4.25137674344 17.4538566948 0.322013497396 0.326052048434
0.878 0.447639331102 13.2033011678 4.25188727891 17.4551884467 0.32203213612 0.326061254643
0.879 0.446931362645 13.2041206406 4.25239642597 17.4565170665 0.322050709906 0.326070428185
0.88 0.446225804875 13.2049383765 4.25290419053 17.457842567 0.322069219051 0.326079569216
0.881 0.445522647039 13.2057543824 4.25341057845 17.4591649609 0.322087663854 0.32608867789
0.882 0.444821878441 13.2065686652 4.25391559559 17.4604842608 0.322106044608 0.32609775436
0.883 0.444123488444 13.2073812317 4.25441924774 17.4618004794 0.322124361606 0.32610679878
0.884 0.44342746647 13.2081920885 4.25492154069 17.4631136292 0.322142615141 0.3261158113
0.885 0.442733801998 13.2090012425 4.25542248017 17.4644237227 0.322160805502 0.326124792073
0.886 0.442042484564 13.2098087003 4.2559220719 17.4657307722 0.322178932978 0.326133741247
0.887 0.44135350376 13.2106144685 4.25642032157 17.46703479 0.322196997856 0.326142658973
0.888 0.440666849238 13.2114185537 4.25691723482 17.4683357885 0.322215000419 0.326151545397
0.889 0.439982510702 13.2122209625 4.25741281727 17.4696337798 0.322232940953 0.326160400668
0.89 0.439300477916 13.2130217015 4.25790707452 17.470928776 0.322250819738 0.326169224932
0.891 0.438620740695 13.2138207771 4.25840001213 17.4722207892 0.322268637056 0.326178018335
0.892 0.437943288914 13.2146181958 4.25889163562 17.4735098314 0.322286393184 0.326186781021
0.893 0.437268112498 13.215413964 4.2593819505 17.4747959145 0.3223040884 0.326195513134
0.894 0.436595201431 13.2162080881 4.25987096223 17.4760790503 0.32232172298 0.326204214817
0.895 0.435924545747 13.2170005745 4.26035867626 17.4773592508 0.322339297198 0.326212886213
0.896 0.435256135538 13.2177914295 4.26084509799 17.4786365275 0.322356811326 0.326221527463
0.897 0.434589960945 13.2185806594 4.26133023281 17.4799108922 0.322374265636 0.326230138708
0.898 0.433926012165 13.2193682704 4.26181408608 17.4811823565 0.322391660396 0.326238720087
0.899 0.433264279447 13.2201542688 4.26229666311 17.4824509319 0.322408995875 0.326247271739
0.9 0.432604753093 13.2209386607 4.26277796921 17.4837166299 0.32242627234 0.326255793802
0.901 0.431947423455 13.2217214524 4.26325800964 17.484979462 0.322443490055 0.326264286415
0.902 0.43129228094 13.2225026498 4.26373678963 17.4862394395 0.322460649284 0.326272749712
0.903 0.430639316004 13.2232822592 4.26421431441 17.4874965736 0.32247775029 0.326281183831
0.904 0.429988519154 13.2240602866 4.26469058915 17.4887508758 0.322494793333 0.326289588905
0.905 0.42933988095 13.224836738 4.26516561901 17.490002357 0.322511778672 0.32629796507
0.906 0.428693391999 13.2256116194 4.26563940913 17.4912510285 0.322528706565 0.326306312458
0.907 0.428049042963 13.2263849367 4.26611196459 17.4924969013 0.322545577268 0.326314631203
0.908 0.427406824548 13.227156696 4.26658329047 17.4937399864 0.322562391037 0.326322921436
0.909 0.426766727515 13.227926903 4.26705339183 17.4949802948 0.322579148125 0.326331183288
0.91 0.426128742671 13.2286955637 4.26752227367 17.4962178374 0.322595848784 0.326339416889
0.911 0.425492860871 13.2294626839 4.267989941 17.4974526249 0.322612493265 0.32634762237
0.912 0.424859073023 13.2302282694 4.26845639879 17.4986846682 0.322629081817 0.326355799859
0.913 0.424227370079 13.230992326 4.26892165196 17.4999139779 0.322645614689 0.326363949484
0.914 0.42359774304 13.2317548594 4.26938570544 17.5011405648 0.322662092128 0.326372071373
0.915 0.422970182956 13.2325158753 4.26984856412 17.5023644394 0.322678514377 0.326380165653
0.916 0.422344680924 13.2332753795 4.27031023286 17.5035856124 0.322694881682 0.326388232448
0.917 0.421721228088 13.2340333776 4.27077071649 17.5048040941 0.322711194286 0.326396271886
0.918 0.421099815636 13.2347898751 4.27123001983 17.506019895 0.322727452429 0.326404284089
0.919 0.420480434808 13.2355448778 4.27168814767 17.5072330255 0.322743656351 0.326412269182
0.92 0.419863076886 13.2362983912 4.27214510477 17.508443496 0.322759806292 0.326420227288
0.921 0.419247733199 13.2370504208 4.27260089585 17.5096513166 0.322775902489 0.32642815853
0.922 0.418634395122 13.2378009721 4.27305552565 17.5108564977 0.322791945178 0.326436063029
0.923 0.418023054075 13.2385500506 4.27350899883 17.5120590494 0.322807934593 0.326443940906
0.924 0.417413701524 13.2392976617 4.27396132007 17.5132589818 0.322823870969 0.326451792282
0.925 0.416806328978 13.240043811 4.274412494 17.514456305 0.322839754537 0.326459617275
0.926 0.416200927992 13.2407885037 4.27486252525 17.515651029 0.32285558553 0.326467416006
0.927 0.415597490166 13.2415317453 4.27531141838 17.5168431637 0.322871364175 0.326475188593
0.928 0.414996007142 13.2422735411 4.27575917799 17.5180327191 0.322887090704 0.326482935153
0.929 0.414396470606 13.2430138964 4.2762058086 17.519219705 0.322902765341 0.326490655803
0.93 0.413798872289 13.2437528165 4.27665131473 17.5204041312 0.322918388314 0.32649835066
0.931 0.413203203963 13.2444903066 4.27709570089 17.5215860075 0.322933959848 0.326506019839
0.932 0.412609457446 13.245226372 4.27753897153 17.5227653436 0.322949480166 0.326513663455
0.933 0.412017624595 13.245961018 4.27798113113 17.5239421491 0.322964949491 0.326521281623
0.934 0.411427697311 13.2466942496 4.27842218408 17.5251164336 0.322980368044 0.326528874456
0.935 0.410839667539 13.247426072 4.27886213481 17.5262882068 0.322995736044 0.326536442068
0.936 0.410253527263 13.2481564904 4.2793009877 17.527457478 0.323011053712 0.326543984571
0.937 0.40966926851 13.2488855098 4.27973874709 17.5286242569 0.323026321265 0.326551502077
0.938 0.409086883348 13.2496131353 4.28017541733 17.5297885527 0.32304153892 0.326558994697
0.939 0.408506363886 13.2503393721 4.28061100272 17.5309503748 0.323056706891 0.326566462542
0.94 0.407927702274 13.251064225 4.28104550757 17.5321097325 0.323071825393 0.326573905722
0.941 0.407350890703 13.2517876991 4.28147893613 17.5332666352 0.32308689464 0.326581324346
0.942 0.406775921404 13.2525097994 4.28191129266 17.5344210921 0.323101914843 0.326588718523
0.943 0.406202786648 13.2532305308 4.28234258139 17.5355731122 0.323116886214 0.326596088361
0.944 0.405631478745 13.2539498983 4.2827728065 17.5367227048 0.323131808961 0.326603433968
0.945 0.405061990048 13.2546679066 4.2832019722 17.5378698788 0.323146683294 0.326610755451
0.946 0.404494312944 13.2553845608 4.28363008263 17.5390146435 0.323161509421 0.326618052916
0.947 0.403928439865 13.2560998657 4.28405714194 17.5401570076 0.323176287547 0.326625326469
0.948 0.403364363277 13.256813826 4.28448315425 17.5412969803 0.323191017878 0.326632576215
0.949 0.402802075687 13.2575264467 4.28490812366 17.5424345703 0.323205700618 0.326639802259
0.95 0.402241569641 13.2582377323 4.28533205423 17.5435697866 0.323220335971 0.326647004705
0.951 0.401682837721 13.2589476878 4.28575495004 17.5447026379 0.323234924139 0.326654183656
0.952 0.40112587255 13.2596563179 4.2861768151 17.545833133 0.323249465322 0.326661339216
0.953 0.400570666786 13.2603636271 4.28659765345 17.5469612806 0.323263959721 0.326668471487
0.954 0.400017213125 13.2610696203 4.28701746907 17.5480870894 0.323278407535 0.32667558057
0.955 0.399465504302 13.2617743021 4.28743626594 17.5492105681 0.323292808961 0.326682666568
0.956 0.398915533088 13.2624776771 4.28785404802 17.5503317252 0.323307164197 0.32668972958
0.957 0.39836729229 13.26317975 4.28827081923 17.5514505692 0.323321473438 0.326696769707
0.958 0.397820774752 13.2638805252 4.2886865835 17.5525671087 0.323335736878 0.326703787048
0.959 0.397275973356 13.2645800075 4.28910134471 17.5536813522 0.323349954713 0.326710781703
0.96 0.396732881018 13.2652782013 4.28951510675 17.554793308 0.323364127135 0.326717753769
0.961 0.396191490691 13.2659751111 4.28992787347 17.5559029846 0.323378254334 0.326724703346
0.962 0.395651795364 13.2666707415 4.29033964871 17.5570103902 0.323392336503 0.32673163053
0.963 0.395113788062 13.2673650969 4.29075043628 17.5581155332 0.323406373831 0.326738535419
0.964 0.394577461843 13.2680581818 4.29116023998 17.5592184218 0.323420366506 0.326745418109
0.965 0.394042809803 13.2687500006 4.2915690636 17.5603190642 0.323434314717 0.326752278695
0.966 0.39350982507 13.2694405578 4.2919769109 17.5614174687 0.323448218651 0.326759117274
0.967 0.39297850081 13.2701298576 4.2923837856 17.5625136432 0.323462078492 0.326765933939
0.968 0.392448830221 13.2708179046 4.29278969145 17.563607596 0.323475894426 0.326772728786
0.969 0.391920806535 13.271504703 4.29319463214 17.5646993351 0.323489666638 0.326779501908
0.97 0.39139442302 13.2721902571 4.29359861136 17.5657888685 0.323503395309 0.326786253399
0.971 0.390869672978 13.2728745713 4.29400163278 17.5668762041 0.323517080622 0.326792983351
0.972 0.390346549742 13.2735576499 4.29440370005 17.5679613499 0.323530722759 0.326799691856
0.973 0.389825046681 13.2742394971 4.29480481679 17.5690443139 0.323544321898 0.326806379008
0.974 0.389305157196 13.2749201171 4.29520498663 17.5701251037 0.32355787822 0.326813044896
0.975 0.388786874721 13.2755995142 4.29560421316 17.5712037274 0.323571391903 0.326819689612
0.976 0.388270192725 13.2762776926 4.29600249996 17.5722801925 0.323584863124 0.326826313246
0.977 0.387755104706 13.2769546564 4.29639985058 17.573354507 0.32359829206 0.326832915889
0.978 0.387241604198 13.2776304099 4.29679626857 17.5744266785 0.323611678885 0.326839497629
0.979 0.386729684766 13.2783049571 4.29719175746 17.5754967146 0.323625023776 0.326846058555
0.98 0.386219340006 13.2789783023 4.29758632075 17.576564623 0.323638326905 0.326852598756
0.981 0.385710563547 13.2796504493 4.29797996193 17.5776304113 0.323651588446 0.32685911832
0.982 0.38520334905 13.2803214025 4.29837268449 17.578694087 0.32366480857 0.326865617335
0.983 0.384697690208 13.2809911658 4.29876449186 17.5797556577 0.323677987448 0.326872095887
0.984 0.384193580743 13.2816597433 4.2991553875 17.5808151308 0.323691125252 0.326878554063
0.985 0.38369101441 13.2823271389 4.29954537483 17.5818725137 0.323704222149 0.32688499195
0.986 0.383189984995 13.2829933568 4.29993445725 17.582927814 0.32371727831 0.326891409633
0.987 0.382690486315 13.2836584008 4.30032263816 17.5839810389 0.3237302939 0.326897807196
0.988 0.382192512217 13.284322275 4.30070992091 17.5850321959 0.323743269088 0.326904184726
0.989 0.381696056579 13.2849849832 4.30109630888 17.5860812921 0.323756204039 0.326910542306
0.99 0.381201113307 13.2856465295 4.3014818054 17.5871283349 0.323769098918 0.326916880021
0.991 0.380707676342 13.2863069177 4.3018664138 17.5881733315 0.323781953889 0.326923197953
0.992 0.380215739649 13.2869661518 4.30225013738 17.5892162892 0.323794769117 0.326929496186
0.993 0.379725297228 13.2876242355 4.30263297943 17.590257215 0.323807544763 0.326935774802
0.994 0.379236343104 13.2882811728 4.30301494324 17.5912961161 0.323820280989 0.326942033884
0.995 0.378748871336 13.2889369675 4.30339603205 17.5923329995 0.323832977956 0.326948273513
0.996 0.378262876009 13.2895916234 4.30377624912 17.5933678725 0.323845635825 0.32695449377
0.997 0.377778351237 13.2902451442 4.30415559767 17.5944007419 0.323858254754 0.326960694737
0.998 0.377295291165 13.2908975339 4.30453408091 17.5954316148 0.323870834903 0.326966876494
0.999 0.376813689966 13.2915487961 4.30491170205 17.5964604982 0.323883376428 0.32697303912
1 0.37633354184 13.2921989346 4.30528846426 17.5974873989 0.323895879488 0.326979201747
