221 547.75 0 0 0 0 1 1 0.0012  eta
	221 4
	3 111 111 111 0.328 0
	2 22 22 0.395 0
	3 211 -211 111 0.23 0
	3 211 -211 22 0.047 0
213 775.8 1 0 0 1 1 150.3 rho  (+)         
		213 1
		2 211 111 1 1
113 775.8 0 0 0 1 1 150.3 rho  (0)         
		113 1
		2 211 -211 1 1
-213 775.8 -1 0 0 1 1 150.3 rho  (-)         
		-213 1
		2 -211 111 1 1
223 782.59 0 0 0 1 1 8.49 omega            
	223 3
	3 211 111 -211 0.893 1
	2 111 22 0.09 1
	2 211 -211 0.017 1
323 891.66 1 0 1 1 1 50.8 K* 892 (+)       
	323 2
	2 311 211 0.667 1
	2 321 111 0.333 1
-323 891.66 -1 0 -1 1 1 50.8 K* 892 (-)       
	-323 2
	2 -311 -211 0.667 1
	2 -321 111 0.333 1
313 896.1 0 0 1 1 1 50.7 K* 892 (0)       
	313 2
	2 321 -211 0.667 1
	2 311 111 0.333 1
-313 896.1 0 0 -1 1 1 50.7 Anti K* 892 (0)  
	-313 2
	2 -321 211 0.667 1
	2 -311 111 0.333 1
331 957.78 0 0 0 0 1 0.2 eta prime (958)  
	331 5
	3 211 -211 221 0.445 1
	2 113 22 0.295 1
	3 111 111 221 0.209 1
	2 223 22 0.03 1
	2 22 22 0.021 1
9010221 974.1 0 0 0 0 1 47 f0 (980)         
	9010221 4
	2 211 -211 0.52 0
	2 111 111 0.26 0
	2 321 -321 0.11 0
	2 311 -311 0.11 0
9000211 984.7 1 0 0 0 1 57 a0 (980) (+)     
	9000211 2
	2 221 211 0.844 0
	2 321 -311 0.156 0
9000111 984.7 0 0 0 0 1 57 a0 (980) (0)     
	9000111 3
	2 221 111 0.844 0
	2 311 -311 0.078 0
	2 321 -321 0.078 0
-9000211 984.7 -1 0 0 0 1 57 a0 (980) (-)     
	-9000211 2
	2 221 -211 0.844 0
	2 -321 311 0.156 0
333 1019.46 0 0 0 1 1 4.26 phi (1020)       
	333 6
	2 321 -321 0.492 1
	2 311 -311 0.342 1
	2 213 -211 0.051 1
	2 113 111 0.051 1
	2 -213 211 0.051 1
	2 221 22 0.013 1
10223 1170 0 0 0 1 1 360 h1(1170)         
	10223 3
	2 213 -211 0.333 0
	2 113 111 0.334 0
	2 -213 211 0.333 0
10213 1229.5 1 0 0 1 1 142 b1 (1235) (+)    
	10213 1
	2 223 211 1 0
10113 1229.5 0 0 0 1 1 142 b1 (1235) (0)    
	10113 1
	2 223 111 1 0
-10213 1229.5 -1 0 0 1 1 142 b1 (1235) (-)    
	-10213 1
	2 223 -211 1 0
20213 1230 1 0 0 1 1 400 a1 (1260) (+)    
	20213 2
	2 113 211 0.5 0
	2 213 111 0.5 0
20113 1230 0 0 0 1 1 400 a1 (1260) (0)    
	20113 2
	2 213 -211 0.5 0
	2 -213 211 0.5 0
-20213 1230 -1 0 0 1 1 400 a1 (1260) (-)    
	-20213 2
	2 113 -211 0.5 0
	2 -213 111 0.5 0
2224 1232 2 1 0 1.5 1 120 Delta 1232 (++)  
	2224 1
	2 2212 211 1 1
-2224 1.232 -2 -1 0 1.5 1 Delta 1232 (++)  
	-2224 1
	2 -2212 -211 1 1
2214 1232 1 1 0 1.5 1 120 Delta 1232 (+)   
	2214 3
	2 2212 111 0.663 1
	2 2112 211 0.331 1
	2 2212 22 0.006 1
-2214 1.232 -1 -1 0 1.5 1 Delta 1232 (+)   
	-2214 3
	2 -2212 111 0.663 1
	2 -2112 -211 0.331 1
	2 -2212 22 0.006 1
2114 1232 0 1 0 1.5 1 120 Delta 1232 (0)   
	2114 3
	2 2112 111 0.663 1
	2 2212 -211 0.331 1
	2 2112 22 0.006 1
-2114 1.232 0 -1 0 1.5 1 Delta 1232 (0)   
	-2114 3
	2 -2112 111 0.663 1
	2 -2212 211 0.331 1
	2 -2112 22 0.006 1
1114 1232 -1 1 0 1.5 1 120 Delta 1232 (-)   
	1114 1
	2 2112 -211 1 1
-1114 1.232 1 -1 0 1.5 1 Delta 1232 (-)   
	-1114 1
	2 -2112 211 1 1
10323 1273 1 0 1 1 1 90 K1 1270 (+)      
	10323 8
	2 311 213 0.28 0
	2 321 113 0.14 0
	3 311 211 111 0.124 0
	3 321 111 111 0.041 0
	3 321 211 -211 0.145 0
	2 313 211 0.107 0
	2 323 111 0.053 0
	2 321 223 0.11 0
-10323 1273 -1 0 -1 1 1 90 K1 1270 (-)      
	-10323 8
	2 -311 -213 0.28 0
	2 -321 113 0.14 0
	3 -311 -211 111 0.124 0
	3 -321 111 111 0.041 0
	3 -321 211 -211 0.145 0
	2 -313 -211 0.107 0
	2 -323 111 0.053 0
	2 -321 223 0.11 0
10313 1273 0 0 1 1 1 90 K1 1270 (0)      
	10313 8
	2 321 -213 0.28 0
	2 311 113 0.14 0
	3 321 -211 111 0.124 0
	3 311 111 111 0.041 0
	3 311 211 -211 0.145 0
	2 323 -211 0.107 0
	2 313 111 0.053 0
	2 311 223 0.11 0
-10313 1273 0 0 -1 1 1 90 Anti K1 1270 (0) 
	-10313 8
	2 -321 213 0.28 0
	2 -311 113 0.14 0
	3 -321 211 111 0.124 0
	3 -311 111 111 0.041 0
	3 -311 211 -211 0.145 0
	2 -323 211 0.107 0
	2 -313 111 0.053 0
	2 -311 223 0.11 0
225 1275.4 0 0 0 2 1 185.1 f2 (1270)        
	225 6
	2 211 -211 0.57 2
	2 111 111 0.284 2
	4 211 -211 111 111 0.072 2
	2 321 -321 0.023 2
	2 311 -311 0.023 2
	4 211 211 -211 -211 0.028 2
20223 1281.8 0 0 0 1 1 24.1 f1 (1285)        
	20223 13
	3 221 211 -211 0.107 0
	3 221 111 111 0.053 0
	3 213 -211 111 0.11 0
	3 113 -211 211 0.11 0
	3 -213 211 111 0.11 0
	2 9000211 -211 0.12 0
	2 9000111 111 0.12 0
	2 -9000211 211 0.12 0
	3 321 -321 111 0.015 0
	3 311 -311 111 0.015 0
	3 321 -311 -211 0.03 0
	3 -321 311 211 0.03 0
	2 113 22 0.06 0
100221 1294 0 0 0 0 1 55 eta (1295) (Note: L set to 1, unknown)       
	100221 4
	2 9000211 -211 0.3 1
	2 9000111 111 0.3 1
	2 -9000211 211 0.3 1
	3 221 211 -211 0.1 1
100211 1300 1 0 0 0 1 400 Pion 1300 (+) (Note: L set to 1, unknown)    
	100211 4
	2 213 111 0.167 1
	2 113 211 0.167 1
	3 211 211 -211 0.4 1
	3 211 111 111 0.266 1
100111 1300 0 0 0 0 1 400 Pion 1300 (0) (Note: L set to 1, unknown)    
	100111 4
	2 213 -211 0.167 1
	2 -213 211 0.167 1
	3 211 111 -211 0.533 1
	3 111 111 111 0.133 1
-100211 1300 -1 0 0 0 1 400 Pion 1300 (-) (Note: L set to 1, unknown)    
	-100211 4
	2 -213 111 0.167 1
	2 113 -211 0.167 1
	3 -211 -211 211 0.4 1
	3 -211 111 111 0.266 1
215 1318.3 1 0 0 2 1 107 a2 1320 (+)      
	215 5
	2 213 111 0.35 2
	2 113 211 0.35 2
	2 221 211 0.145 2
	3 223 211 111 0.105 2
	2 321 -311 0.05 2
115 1318.3 0 0 0 2 1 107 a2 1320 (0)      
	115 6
	2 213 -211 0.35 2
	2 -213 211 0.35 2
	2 221 111 0.145 2
	3 223 211 -211 0.105 2
	2 321 -321 0.025 2
	2 311 -311 0.025 2
-215 1318.3 -1 0 0 2 1 107 a2 1320 (-)      
	-215 5
	2 -213 111 0.35 2
	2 113 -211 0.35 2
	2 221 -211 0.145 2
	3 223 -211 111 0.105 2
	2 -321 311 0.05 2
9000213 1376 1 0 0 1 1 300 Pion1 1400 (+) (Note: L set to 1, unknown)   
	9000213 1
	2 221 211 1 1
9000113 1376 0 0 0 1 1 300 Pion1 1400 (0)   (Note: L set to 1, unknown) 
	9000113 1
	2 221 111 1 1
-9000213 1376 -1 0 0 1 1 300 Pion1 1400 (-)   (Note: L set to 1, unknown) 
	-9000213 1
	2 221 -211 1 1
3224 1382.8 1 1 -1 1.5 1 35.8 Sigma (+) 1385   
	3224 3
	2 3122 211 0.88 1
	2 3222 111 0.06 1
	2 3212 211 0.06 1
-3224 1.3828 -1 -1 1 1.5 1 Sigma (+) 1385   
	-3224 3
	2 -3122 -211 0.88 1
	2 -3222 111 0.06 1
	2 -3212 -211 0.06 1
3214 1383.7 0 1 -1 1.5 1 36 Sigma (0) 1385   
	3214 3
	2 3122 111 0.88 1
	2 3222 -211 0.06 1
	2 3112 211 0.06 1
-3214 1.3837 0 -1 1 1.5 1 Sigma (0) 1385   
	-3214 3
	2 -3122 111 0.88 1
	2 -3222 211 0.06 1
	2 -3112 -211 0.06 1
3114 1387.2 -1 1 -1 1.5 1 39.4 Sigma (-) 1385   
	3114 3
	2 3122 -211 0.88 1
	2 3112 111 0.06 1
	2 3212 -211 0.06 1
-3114 1.3872 1 -1 1 1.5 1 Sigma (-) 1385   
	-3114 3
	2 -3122 211 0.88 1
	2 -3112 111 0.06 1
	2 -3212 211 0.06 1
10221 1400 0 0 0 0 1 225 f0 1370          
	10221 4
	2 211 -211 0.624 0
	2 111 111 0.312 0
	2 321 -321 0.032 0
	2 311 -311 0.032 0
20323 1402 1 0 1 1 1 174 K1 1400 (+)      
	20323 6
	2 313 211 0.627 0
	2 323 111 0.313 0
	2 321 113 0.01 0
	2 311 213 0.02 0
	2 10221 321 0.02 0
	2 223 321 0.01 0
-20323 1402 -1 0 -1 1 1 174 K1 1400 (-)      
	-20323 6
	2 -313 -211 0.627 0
	2 -323 111 0.313 0
	2 -321 113 0.01 0
	2 -311 -213 0.02 0
	2 10221 -321 0.02 0
	2 223 -321 0.01 0
20313 1402 0 0 1 1 1 174 K1 1400 (0)      
	20313 6
	2 323 -211 0.627 0
	2 313 111 0.313 0
	2 311 113 0.01 0
	2 321 -213 0.02 0
	2 10221 311 0.02 0
	2 223 311 0.01 0
-20313 1402 0 0 -1 1 1 174 Anti K1 1400 (0) 
	-20313 6
	2 -323 211 0.627 0
	2 -313 111 0.313 0
	2 -311 113 0.01 0
	2 -321 213 0.02 0
	2 10221 -311 0.02 0
	2 223 -311 0.01 0
13122 1406.5 0 1 -1 0.5 1 50 Lambda 1405      
	13122 3
	2 3222 -211 0.333 0
	2 3212 111 0.334 0
	2 3112 211 0.333 0
-13122 1.4065 0 -1 1 0.5 1 Lambda 1405      
	-13122 3
	2 -3222 211 0.333 0
	2 -3212 111 0.334 0
	2 -3112 -211 0.333 0
100323 1414 1 0 1 1 1 232 K* 1410 (+)      
	100323 4
	2 313 211 0.623 1
	2 323 111 0.311 1
	2 311 211 0.044 1
	2 321 111 0.022 1
-100323 1414 -1 0 -1 1 1 232 K* 1410 (-)      
	-100323 4
	2 -313 -211 0.623 1
	2 -323 111 0.311 1
	2 -311 -211 0.044 1
	2 -321 111 0.022 1
100313 1414 0 0 1 1 1 232 K* 1410 (0)      
	100313 4
	2 323 -211 0.623 1
	2 313 111 0.311 1
	2 321 -211 0.044 1
	2 311 111 0.022 1
-100313 1414 0 0 -1 1 1 232 Anti K* 1410 (-) 
	-100313 4
	2 -323 211 0.623 1
	2 -313 111 0.311 1
	2 -321 211 0.044 1
	2 -311 111 0.022 1
9020221 1410.3 0 0 0 0 1 51 eta 1405         (Note: L set to 1, unknown) 
	9020221 9
	3 211 -321 311 0.145 1
	3 -211 321 -311 0.145 1
	3 111 311 -311 0.072 1
	3 111 321 -321 0.072 1
	3 221 211 -211 0.145 1
	3 221 111 111 0.073 1
	2 9000111 111 0.116 1
	2 9000211 -211 0.116 1
	2 -9000211 211 0.116 1
10321 1412 1 0 1 0 1 294 K0* 1430 (+)     
	10321 2
	2 311 211 0.667 0
	2 321 111 0.333 0
-10321 1412 -1 0 -1 0 1 294 K0* 1430 (-)     
	-10321 2
	2 -311 -211 0.667 0
	2 -321 111 0.333 0
10311 1412 0 0 1 0 1 294 K0* 1430 (0)     
	10311 2
	2 321 -211 0.667 0
	2 311 111 0.333 0
-10311 1412 0 0 -1 0 1 294 Anti K0* 1430 (0)
	-10311 2
	2 -321 211 0.667 0
	2 -311 111 0.333 0
100223 1419 0 0 0 1 1 174 omega 1420       
	100223 3
	2 213 -211 0.333 1
	2 113 111 0.334 1
	2 -213 211 0.333 1
20333 1426.3 0 0 0 1 1 54.9 f1 1420          
	20333 4
	3 211 -321 311 0.333 0
	3 -211 321 -311 0.333 0
	3 111 321 -321 0.167 0
	3 111 311 -311 0.167 0
325 1425.6 1 0 1 2 1 98.5 K2* 1430 (+)     
	325 10
	2 311 211 0.334 2
	2 321 111 0.167 2
	2 313 211 0.165 2
	2 323 111 0.083 2
	3 323 211 -211 0.067 2
	3 313 211 111 0.045 2
	3 323 111 111 0.023 2
	2 311 213 0.058 2
	2 321 113 0.029 2
	2 321 223 0.029 2
-325 1425.6 -1 0 -1 2 1 98.5 K2* 1430 (-)     
	-325 10
	2 -311 -211 0.334 2
	2 -321 111 0.167 2
	2 -313 -211 0.165 2
	2 -323 111 0.083 2
	3 -323 211 -211 0.067 2
	3 -313 -211 111 0.045 2
	3 -323 111 111 0.023 2
	2 -311 -213 0.058 2
	2 -321 113 0.029 2
	2 -321 223 0.029 2
315 1432.4 0 0 1 2 1 109 K2* 1430 (0)     
	315 10
	2 321 -211 0.334 2
	2 311 111 0.167 2
	2 323 -211 0.165 2
	2 313 111 0.083 2
	3 313 211 -211 0.067 2
	3 323 -211 111 0.045 2
	3 313 111 111 0.023 2
	2 321 -213 0.058 2
	2 311 113 0.029 2
	2 311 223 0.029 2
-315 1432.4 0 0 -1 2 1 109 Anti K2* 1430 (0)
	-315 10
	2 -321 211 0.334 2
	2 -311 111 0.167 2
	2 -323 211 0.165 2
	2 -313 111 0.083 2
	3 -313 211 -211 0.067 2
	3 -323 211 111 0.045 2
	3 -313 111 111 0.023 2
	2 -321 213 0.058 2
	2 -311 113 0.029 2
	2 -311 223 0.029 2
12212 1440 1 1 0 0.5 1 350 p 1440           
	12212 7
	2 2112 211 0.433 1 
	2 2212 111 0.217 1 
	2 2224 -211 0.125 1 
	2 2214 111 0.083 1
	2 2114 211 0.042 1
	3 2212 211 -211 0.067 1
	3 2212 111 111 0.033 1
-12212 1.44 -1 -1 0 0.5 1 p 1440           
	-12212 7 
	2 -2112 -211 0.433 1
	2 -2212 111 0.217 1
	2 -2224 211 0.125 1
	2 -2214 111 0.083 1
	2 -2114 -211 0.042 1
	3 -2212 -211 211 0.067 1
	3 -2212 111 111 0.033 1
12112 1440 0 1 0 0.5 1 350 n 1440           
	12112 7 
	2 2212 -211 0.433 1
	2 2112 111 0.217 1
	2 1114 211 0.125 1
	2 2114 111 0.083 1
	2 2214 -211 0.042 1
	3 2112 211 -211 0.067 1
	3 2112 111 111 0.033 1
-12112 1.44 0 -1 0 0.5 1 n 1440           
	-12112 7
	2 -2212 211 0.433 1
	2 -2112 111 0.217 1
	2 -1114 -211 0.125 1
	2 -2114 111 0.083 1
	2 -2214 211 0.042 1
	3 -2112 -211 211 0.067 1
	3 -2112 111 111 0.033 1
100213 1465 1 0 0 1 1 400 rho  1450 (+)    
	100213 1
	2 211 111 1 1
100113 1465 0 0 0 1 1 400 rho  1450 (0)    
	100113 1
	2 211 -211 1 1
-100213 1465 -1 0 0 1 1 400 rho  1450 (-)    
	-100213 1
	2 -211 111 1 1
10211 1474 1 0 0 0 1 265 a0 1450 (+)      (Note: L set to 1, unknown) 
	10211 4
	2 221 211 0.077 1
	2 331 211 0.027 1
	2 321 -311 0.068 1
	3 223 211 111 0.828 1
10111 1474 0 0 0 0 1 265 a0 1450 (0)      (Note: L set to 1, unknown) 
	10111 6
	2 221 111 0.077 1
	2 331 111 0.027 1
	2 321 -321 0.034 1
	2 311 -311 0.034 1
	3 223 211 -211 0.552 1
	3 223 111 111 0.276 1
-10211 1474 -1 0 0 0 1 265 a0 1450 (-)      (Note: L set to 1, unknown) 
	-10211 4
	2 221 -211 0.077 1
	2 331 -211 0.027 1
	2 -321 311 0.068 1
	3 223 -211 111 0.828 1
100331 1476 0 0 0 0 1 87 eta 1475         (Note: L set to 1, unknown) 
	100331 8
	3 321 -311 -211 0.223 1
	3 -321 311 211 0.223 1
	3 321 -321 111 0.111 1
	3 311 -311 111 0.111 1
	2 323 -321 0.083 1
	2 -323 321 0.083 1
	2 313 -311 0.083 1
	2 -313 311 0.083 1
9030221 1507 0 0 0 0 1 109 f0 1500          (Note: L set to 1, unknown) 
	9030221 9
	2 331 221 0.019 1
	2 221 221 0.051 1
	2 211 -211 0.233 1
	2 111 111 0.116 1
	2 321 -321 0.043 1
	2 311 -311 0.043 1
	4 111 111 111 111 0.022 1
	4 211 211 -211 -211 0.209 1
	4 211 -211 111 111 0.264 1
3124 1519.5 0 1 -1 1.5 1 15.6 Lambda 1520      
	3124 11
	2 3222 -211 0.142 2
	2 3212 111 0.142 2
	2 3112 211 0.142 2
	2 2212 -321 0.228 2
	2 2112 -311 0.228 2
	3 3122 211 -211 0.067 0
	3 3122 111 111 0.034 0
	3 3222 -211 111 0.003 0
	3 3212 211 -211 0.003 0
	3 3112 211 111 0.003 0
	2 3122 22 0.008 0
-3124 1.5195 0 -1 1 1.5 1 Lambda 1520      
	-3124 11
	2 -3222 211 0.142 2
	2 -3212 111 0.142 2
	2 -3112 -211 0.142 2
	2 -2212 321 0.228 2
	2 -2112 311 0.228 2
	3 -3122 -211 211 0.067 0
	3 -3122 111 111 0.034 0
	3 -3222 211 111 0.003 0
	3 -3212 -211 211 0.003 0
	3 -3112 -211 111 0.003 0
	2 -3122 22 0.008 0
2124 1520 1 1 0 1.5 1 115 p 1520           
	2124 9
	2 2112 211 0.367 2
	2 2212 111 0.183 2
	2 2224 -211 0.112 0
	2 2214 111 0.075 0
	2 2114 211 0.038 0
	2 2112 213 0.117 0
	2 2212 113 0.058 0
	3 2212 211 -211 0.033 2
	3 2212 111 111 0.017 2
-2124 1.52 -1 -1 0 1.5 1 p 1520           
	-2124 9
	2 -2112 -211 0.367 2
	2 -2212 111 0.183 2
	2 -2224 211 0.112 0
	2 -2214 111 0.075 0
	2 -2114 -211 0.038 0
	2 -2112 -213 0.117 0
	2 -2212 113 0.058 0
	3 -2212 -211 211 0.033 2
	3 -2212 111 111 0.017 2
1214 1520 0 1 0 1.5 1 115 n 1520           
	1214 9
	2 2212 -211 0.367 2
	2 2112 111 0.183 2
	2 1114 211 0.112 0
	2 2114 111 0.075 0
	2 2214 -211 0.038 0
	2 2212 -213 0.117 0
	2 2112 113 0.058 0
	3 2112 211 -211 0.033 2
	3 2112 111 111 0.017 2
-1214 1.52 0 -1 0 1.5 1 n 1520           
	-1214 9
	2 -2212 211 0.367 2
	2 -2112 111 0.183 2
	2 -1114 -211 0.112 0
	2 -2114 111 0.075 0
	2 -2214 211 0.038 0
	2 -2212 213 0.117 0
	2 -2112 113 0.058 0
	3 -2112 -211 211 0.033 2
	3 -2112 111 111 0.017 2
335 1525 0 0 0 2 1 73 f2 prime 1525    
	335 5
	2 321 -321 0.444 2
	2 311 -311 0.444 2
	2 221 221 0.103 2
	2 211 -211 0.006 2
	2 111 111 0.003 2
3324 1531.8 0 1 -2 1.5 1 9.1 Xsi (0) 1530     
	3324 2
	2 3312 211 0.667 1
	2 3322 111 0.333 1
-3324 1.5318 0 -1 2 1.5 1 Xsi (0) 1530     
	-3324 2
	2 -3312 -211 0.667 1
	2 -3322 111 0.333 1
3314 1535 -1 1 -2 1.5 1 9.9 Xsi (-) 1530     
	3314 2
	2 3322 -211 0.667 1
	2 3312 111 0.333 1
-3314 1.535 1 -1 2 1.5 1 Xsi (-) 1530     
	-3314 2
	2 -3322 211 0.667 1
	2 -3312 111 0.333 1
22212 1535 1 1 0 0.5 1 150 p 1535           
	22212 9
	2 2112 211 0.31 2
	2 2212 111 0.155 2
	2 2212 221 0.437 0
	2 2112 213 0.018 0
	2 2212 113 0.009 0
	2 12112 211 0.033 0
	2 12212 111 0.017 0
	3 2212 211 -211 0.014 0
	3 2212 111 111 0.007 0
-22212 1.535 -1 -1 0 0.5 1 p 1535           
	-22212 9
	2 -2112 -211 0.31 2
	2 -2212 111 0.155 2
	2 -2212 221 0.437 0
	2 -2112 -213 0.018 0
	2 -2212 113 0.009 0
	2 -12112 -211 0.033 0
	2 -12212 111 0.017 0
	3 -2212 -211 211 0.014 0
	3 -2212 111 111 0.007 0
22112 1535 0 1 0 0.5 1 150 n 1535           
	22112 9
	2 2212 -211 0.31 2
	2 2112 111 0.155 2
	2 2112 221 0.437 0
	2 2212 -213 0.018 0
	2 2112 113 0.009 0
	2 12212 -211 0.033 0
	2 12112 111 0.017 0
	3 2112 211 -211 0.014 0
	3 2112 111 111 0.007 0
-22112 1.535 0 -1 0 0.5 1 n 1535           
	-22112 9
	2 -2212 211 0.31 2
	2 -2112 111 0.155 2
	2 -2112 221 0.437 0
	2 -2212 213 0.018 0
	2 -2112 113 0.009 0
	2 -12212 211 0.033 0
	2 -12112 111 0.017 0
	3 -2112 -211 211 0.014 0
	3 -2112 111 111 0.007 0
32224 1600 2 1 0 1.5 1 350 Delta 1600 (++)  
	32224 5
	2 2212 211 0.15 1
	2 2224 111 0.33 1
	2 2214 211 0.22 1
	2 2212 213 0.1 1
	2 12212 211 0.2 1
-32224 1.6 -2 -1 0 1.5 1 Delta 1600 (++)  
	-32224 5
	2 -2212 -211 0.15 1
	2 -2224 111 0.33 1
	2 -2214 -211 0.22 1
	2 -2212 -213 0.1 1
	2 -12212 -211 0.2 1
32214 1600 1 1 0 1.5 1 350 Delta 1600 (+)   
	32214 9
	2 2212 111 0.1 1
	2 2112 211 0.05 1
	2 2224 -211 0.22 1
	2 2214 111 0.037 1
	2 2114 211 0.293 1
	2 2212 113 0.067 1
	2 2112 213 0.033 1
	2 12212 111 0.133 1
	2 12112 211 0.067 1
-32214 1.6 -1 -1 0 1.5 1 Delta 1600 (+)   
	-32214 9
	2 -2212 111 0.1 1
	2 -2112 -211 0.05 1
	2 -2224 211 0.22 1
	2 -2214 111 0.037 1
	2 -2114 -211 0.293 1
	2 -2212 113 0.067 1
	2 -2112 -213 0.033 1
	2 -12212 111 0.133 1
	2 -12112 -211 0.067 1
32114 1600 0 1 0 1.5 1 350 Delta 1600 (0)   
	32114 9
	2 2112 111 0.1 1
	2 2212 -211 0.05 1
	2 1114 211 0.22 1
	2 2114 111 0.037 1
	2 2214 -211 0.293 1
	2 2112 113 0.067 1
	2 2212 -213 0.033 1
	2 12112 111 0.133 1
	2 12212 -211 0.067 1
-32114 1.6 0 -1 0 1.5 1 Delta 1600 (0)   
	-32114 9
	2 -2112 111 0.1 1
	2 -2212 211 0.05 1
	2 -1114 -211 0.22 1
	2 -2114 111 0.037 1
	2 -2214 211 0.293 1
	2 -2112 113 0.067 1
	2 -2212 213 0.033 1
	2 -12112 111 0.133 1
	2 -12212 211 0.067 1
31114 1600 -1 1 0 1.5 1 350 Delta 1600 (-)   
	31114 5
	2 2112 -211 0.15 1
	2 1114 111 0.33 1
	2 2114 -211 0.22 1
	2 2112 -213 0.1 1
	2 12112 -211 0.2 1
-31114 1.6 1 -1 0 1.5 1 Delta 1600 (-)   
	-31114 5
	2 -2112 211 0.15 1
	2 -1114 111 0.33 1
	2 -2114 211 0.22 1
	2 -2112 213 0.1 1
	2 -12112 211 0.2 1
23122 1600 0 1 -1 0.5 1 150 Lambda 1600      
	23122 5
	2 3222 -211 0.217 1
	2 3212 111 0.216 1
	2 3112 211 0.217 1
	2 2212 -321 0.175 1
	2 2112 -311 0.175 1
-23122 1.6 0 -1 1 0.5 1 Lambda 1600      
	-23122 5
	2 -3222 211 0.217 1
	2 -3212 111 0.216 1
	2 -3112 -211 0.217 1
	2 -2212 321 0.175 1
	2 -2112 311 0.175 1
10225 1617 0 0 0 2 1 181 eta2 1645        (Note: L set to 1, unknown) 
	10225 10
	2 215 -211 0.291 1
	2 115 111 0.291 1
	2 -215 211 0.291 1
	3 321 -321 111 0.01 1
	3 311 -311 111 0.01 1
	3 311 -311 111 0.02 1
	3 311 -321 211 0.02 1
	2 9000211 -211 0.022 1
	2 9000111 111 0.023 1
	2 -9000211 211 0.022 1
2222 1630 2 1 0 0.5 1 145 Delta 1620 (++)  
	2222 4
	2 2212 211 0.25 0
	2 2224 111 0.3 2
	2 2214 211 0.2 2
	2 2212 213 0.25 0
-2222 1.63 -2 -1 0 0.5 1 Delta 1620 (++)  
	-2222 4
	2 -2212 -211 0.25 0
	2 -2224 111 0.3 2
	2 -2214 -211 0.2 2
	2 -2212 -213 0.25 0
2122 1630 1 1 0 0.5 1 145 Delta 1620 (+)   
	2122 7
	2 2212 111 0.167 0
	2 2112 211 0.083 0
	2 2224 -211 0.2 2
	2 2214 111 0.033 2
	2 2114 211 0.267 2
	2 2212 113 0.167 0
	2 2112 213 0.083 0
-2122 1.63 -1 -1 0 0.5 1 Delta 1620 (+)   
	-2122 7
	2 -2212 111 0.167 0
	2 -2112 -211 0.083 0
	2 -2224 211 0.2 2
	2 -2214 111 0.033 2
	2 -2114 -211 0.267 2
	2 -2212 113 0.167 0
	2 -2112 -213 0.083 0
1212 1630 0 1 0 0.5 1 145 Delta 1620 (0)   
	1212 7
	2 2112 111 0.167 0
	2 2212 -211 0.083 0
	2 1114 211 0.2 2
	2 2114 111 0.033 2
	2 2214 -211 0.267 2
	2 2112 113 0.167 0
	2 2212 -213 0.083 0
-1212 1.63 0 -1 0 0.5 1 Delta 1620 (0)   
	-1212 7
	2 -2112 111 0.167 0
	2 -2212 211 0.083 0
	2 -1114 -211 0.2 2
	2 -2114 111 0.033 2
	2 -2214 211 0.267 2
	2 -2112 113 0.167 0
	2 -2212 213 0.083 0
1112 1630 -1 1 0 0.5 1 145 Delta 1620 (-)   
	1112 4
	2 2112 -211 0.25 0
	2 1114 111 0.3 2
	2 2114 -211 0.2 2
	2 2112 -213 0.25 0
-1112 1.63 1 -1 0 0.5 1 Delta 1620 (-)   
	-1112 4
	2 -2112 211 0.25 0
	2 -1114 111 0.3 2
	2 -2114 211 0.2 2
	2 -2112 213 0.25 0
9010213 1653 1 0 0 1 1 225 Pion1 1600 (+)   (Note: L set to 1, unknown) 
	9010213 2
	3 211 211 -211 0.667 1
	3 211 111 111 0.333 1
9010113 1653 0 0 0 1 1 225 Pion1 1600 (0)   (Note: L set to 1, unknown) 
	9010113 2
	3 211 -211 111 0.667 1
	3 111 111 111 0.333 1
-9010213 1653 -1 0 0 1 1 225 Pion1 1600 (-)   (Note: L set to 1, unknown) 
	-9010213 2
	3 -211 -211 211 0.667 1
	3 -211 111 111 0.333 1
32212 1655 1 1 0 0.5 1 165 p 1650           
	32212 9
	2 2112 211 0.493 0
	2 2212 111 0.247 0
	2 2212 221 0.07 0
	2 3122 321 0.07 0
	2 2224 -211 0.02 2
	2 2214 111 0.013 2
	2 2114 211 0.007 2
	2 2112 213 0.053 0
	2 2212 113 0.027 0
-32212 1.655 -1 -1 0 0.5 1 p 1650           
	-32212 9
	2 -2112 -211 0.493 0
	2 -2212 111 0.247 0
	2 -2212 221 0.07 0
	2 -3122 -321 0.07 0
	2 -2224 211 0.02 2
	2 -2214 111 0.013 2
	2 -2114 -211 0.007 2
	2 -2112 -213 0.053 0
	2 -2212 113 0.027 0
32112 1655 0 1 0 0.5 1 165 n 1650           
	32112 9
	2 2212 -211 0.493 0
	2 2112 111 0.247 0
	2 2112 221 0.07 0
	2 3122 311 0.07 0
	2 1114 211 0.02 2
	2 2114 111 0.013 2
	2 2214 -211 0.007 2
	2 2212 -213 0.053 0
	2 2112 113 0.027 0
-32112 1.655 0 -1 0 0.5 1 n 1650           
	-32112 9
	2 -2212 211 0.493 0
	2 -2112 111 0.247 0
	2 -2112 221 0.07 0
	2 -3122 -311 0.07 0
	2 -1114 -211 0.02 2
	2 -2114 111 0.013 2
	2 -2214 211 0.007 2
	2 -2212 213 0.053 0
	2 -2112 113 0.027 0
13222 1660 1 1 -1 0.5 1 100 Sigma (+) 1660   
	13222 4
	2 2212 -311 0.3 1
	2 3122 211 0.35 1
	2 3222 111 0.175 1
	2 3212 211 0.175 1
-13222 1.66 -1 -1 1 0.5 1 Sigma (+) 1660   
	-13222 4
	2 -2212 311 0.3 1
	2 -3122 -211 0.35 1
	2 -3222 111 0.175 1
	2 -3212 -211 0.175 1
13212 1660 0 1 -1 0.5 1 100 Sigma (0) 1660   
	13212 5
	2 2212 -321 0.15 1
	2 2112 -311 0.15 1
	2 3122 111 0.35 1
	2 3222 -211 0.175 1
	2 3112 211 0.175 1
-13212 1.66 0 -1 1 0.5 1 Sigma (0) 1660   
	-13212 5
	2 -2212 321 0.15 1
	2 -2112 311 0.15 1
	2 -3122 111 0.35 1
	2 -3222 211 0.175 1
	2 -3112 -211 0.175 1
13112 1660 -1 1 -1 0.5 1 100 Sigma (-) 1660   
	13112 4
	2 2112 -321 0.3 1
	2 3122 -211 0.35 1
	2 3112 111 0.175 1
	2 3212 -211 0.175 1
-13112 1.66 1 -1 1 0.5 1 Sigma (-) 1660   
	-13112 4
	2 -2112 321 0.3 1
	2 -3122 211 0.35 1
	2 -3112 111 0.175 1
	2 -3212 211 0.175 1
30223 1670 0 0 0 1 1 315 omega 1650       
	30223 5
	2 213 -211 0.172 1
	2 113 111 0.172 1
	2 -213 211 0.172 1
	3 223 211 -211 0.323 1
	3 223 111 111 0.161 1
227 1667 0 0 0 3 1 168 omega3 1670      (Note: L set to 1, unknown) 
	227 5
	2 213 -211 0.195 1
	2 113 111 0.195 1
	2 -213 211 0.195 1
	3 223 211 -211 0.277 1
	3 223 111 111 0.138 1
33122 1670 0 1 -1 0.5 1 35 Lambda 1670      
	33122 6
	2 3222 -211 0.16 0
	2 3212 111 0.16 0
	2 3112 211 0.16 0
	2 2212 -321 0.135 0
	2 2112 -311 0.135 0
	2 3122 221 0.25 0
-33122 1.67 0 -1 1 0.5 1 Lambda 1670      
	-33122 6
	2 -3222 211 0.16 0
	2 -3212 111 0.16 0
	2 -3112 -211 0.16 0
	2 -2212 321 0.135 0
	2 -2112 311 0.135 0
	2 -3122 221 0.25 0
13224 1670 1 1 -1 1.5 1 60 Sigma (+) 1670   
	13224 4
	2 2212 -311 0.17 2
	2 3122 211 0.19 2
	2 3222 111 0.32 2
	2 3212 211 0.32 2
-13224 1.67 -1 -1 1 1.5 1 Sigma (+) 1670   
	-13224 4
	2 -2212 311 0.17 2
	2 -3122 -211 0.19 2
	2 -3222 111 0.32 2
	2 -3212 -211 0.32 2
13214 1670 0 1 -1 1.5 1 60 Sigma (0) 1670   
	13214 5
	2 2212 -321 0.085 2
	2 2112 -311 0.085 2
	2 3122 111 0.19 2
	2 3222 -211 0.32 2
	2 3112 211 0.32 2
-13214 1.67 0 -1 1 1.5 1 Sigma (0) 1670   
	-13214 5
	2 -2212 321 0.085 2
	2 -2112 311 0.085 2
	2 -3122 111 0.19 2
	2 -3222 211 0.32 2
	2 -3112 -211 0.32 2
13114 1670 -1 1 -1 1.5 1 60 Sigma (-) 1670   
	13114 4
	2 2112 -321 0.17 2
	2 3122 -211 0.19 2
	2 3112 111 0.32 2
	2 3212 -211 0.32 2
-13114 1.67 1 -1 1 1.5 1 Sigma (-) 1670   
	-13114 4
	2 -2112 321 0.17 2
	2 -3122 211 0.19 2
	2 -3112 111 0.32 2
	2 -3212 211 0.32 2
10215 1672.4 1 0 0 2 1 259 Pion2 1670  (+)  (Note: L set to 1, unknown) 
	10215 6
	2 225 211 0.562 1
	2 213 111 0.155 1
	2 113 211 0.155 1
	2 111 211 0.086 1
	2 323 -311 0.021 1
	2 -313 321 0.021 1
10115 1672.4 0 0 0 2 1 259 Pion2 1670  (0)  (Note: L set to 1, unknown) 
	10115 8
	2 225 111 0.562 1
	2 213 -211 0.155 1
	2 -213 211 0.155 1
	2 211 -211 0.086 1
	2 323 -321 0.011 1
	2 313 -311 0.01 1
	2 -323 321 0.011 1
	2 -313 311 0.01 1
-10215 1672.4 -1 0 0 2 1 259 Pion2 1670  (-)  (Note: L set to 1, unknown) 
	-10215 6
	2 225 -211 0.562 1
	2 -213 111 0.155 1
	2 113 -211 0.155 1
	2 111 -211 0.086 1
	2 -323 311 0.021 1
	2 313 -321 0.021 1
2216 1675 1 1 0 2.5 1 150 p 1675           
	2216 6
	2 2112 211 0.3 2
	2 2212 111 0.15 2
	2 2212 221 0.01 2
	2 2224 -211 0.27 2
	2 2214 111 0.18 2
	2 2114 211 0.09 2
-2216 1.675 -1 -1 0 2.5 1 p 1675           
	-2216 6
	2 -2112 -211 0.3 2
	2 -2212 111 0.15 2
	2 -2212 221 0.01 2
	2 -2224 211 0.27 2
	2 -2214 111 0.18 2
	2 -2114 -211 0.09 2
2116 1675 0 1 0 2.5 1 150 n 1675           
	2116 6
	2 2212 -211 0.3 2
	2 2112 111 0.15 2
	2 2112 221 0.01 2
	2 1114 211 0.27 2
	2 2114 111 0.18 2
	2 2214 -211 0.09 2
-2116 1.675 0 -1 0 2.5 1 n 1675           
	-2116 6
	2 -2212 211 0.3 2
	2 -2112 111 0.15 2
	2 -2112 221 0.01 2
	2 -1114 -211 0.27 2
	2 -2114 111 0.18 2
	2 -2214 211 0.09 2
100333 1680 0 0 0 1 1 150 phi 1680         
	100333 4
	2 323 -321 0.25 1
	2 313 -311 0.25 1
	2 -323 321 0.25 1
	2 -313 311 0.25 1
12216 1685 1 1 0 2.5 1 130 p 1680           
	12216 9
	2 2112 211 0.433 3
	2 2212 111 0.217 3
	2 2224 -211 0.05 1
	2 2214 111 0.033 1
	2 2114 211 0.017 1
	2 2112 213 0.067 1
	2 2212 113 0.033 1
	3 2212 211 -211 0.1 3
	3 2212 111 111 0.05 3
-12216 1.685 -1 -1 0 2.5 1 p 1680           
	-12216 9
	2 -2112 -211 0.433 3
	2 -2212 111 0.217 3
	2 -2224 211 0.05 1
	2 -2214 111 0.033 1
	2 -2114 -211 0.017 1
	2 -2112 -213 0.067 1
	2 -2212 113 0.033 1
	3 -2212 -211 211 0.1 3
	3 -2212 111 111 0.05 3
12116 1685 0 1 0 2.5 1 130 n 1680           
	12116 9
	2 2212 -211 0.433 3
	2 2112 111 0.217 3
	2 1114 211 0.05 1
	2 2114 111 0.033 1
	2 2214 -211 0.017 1
	2 2212 -213 0.067 1
	2 2112 113 0.033 1
	3 2112 211 -211 0.1 3
	3 2112 111 111 0.05 3
-12116 1.685 0 -1 0 2.5 1 n 1680           
	-12116 9
	2 -2212 211 0.433 3
	2 -2112 111 0.217 3
	2 -1114 -211 0.05 1
	2 -2114 111 0.033 1
	2 -2214 211 0.017 1
	2 -2212 213 0.067 1
	2 -2112 113 0.033 1
	3 -2112 -211 211 0.1 3
	3 -2112 111 111 0.05 3
217 1688.8 1 0 0 3 1 161 rho3 1690 (+)    (Note: L set to 1, unknown) 
	217 7
	4 211 211 111 -211 0.427 1
	4 211 111 111 111 0.284 1
	2 211 111 0.236 1
	3 321 -321 211 0.014 1
	3 311 -311 211 0.014 1
	3 321 -311 111 0.009 1
	2 321 -311 0.016 1
117 1688.8 0 0 0 3 1 161 rho3 1690 (0)    (Note: L set to 1, unknown) 
	117 9
	4 211 -211 111 111 0.568 1
	4 211 211 -211 -211 0.142 1
	2 211 -211 0.236 1
	3 321 -321 111 0.01 1
	3 311 -311 111 0.01 1
	3 321 -311 -211 0.01 1
	3 -321 311 211 0.01 1
	2 321 -321 0.007 1
	2 311 -311 0.007 1
-217 1688.8 -1 0 0 3 1 161 rho3 1690 (-)    (Note: L set to 1, unknown) 
	-217 7
	4 -211 -211 211 111 0.427 1
	4 -211 111 111 111 0.284 1
	2 -211 111 0.236 1
	3 321 -321 -211 0.014 1
	3 311 -311 -211 0.014 1
	3 -321 311 111 0.009 1
	2 -321 311 0.016 1
13124 1690 0 1 -1 1.5 1 60 Lambda 1690      
	13124 10
	2 3222 -211 0.1 2
	2 3212 111 0.1 2
	2 3112 211 0.1 2
	2 2212 -321 0.125 2
	2 2112 -311 0.125 2
	3 3122 211 -211 0.167 0
	3 3122 111 111 0.083 0
	3 3222 -211 111 0.067 0
	3 3212 211 -211 0.066 0
	3 3112 211 111 0.067 0
-13124 1.69 0 -1 1 1.5 1 Lambda 1690      
	-13124 10
	2 -3222 211 0.1 2
	2 -3212 111 0.1 2
	2 -3112 -211 0.1 2
	2 -2212 321 0.125 2
	2 -2112 311 0.125 2
	3 -3122 -211 211 0.167 0
	3 -3122 111 111 0.083 0
	3 -3222 211 111 0.067 0
	3 -3212 -211 211 0.066 0
	3 -3112 -211 111 0.067 0
13322 1690 0 1 -2 0.5 1 25 Xsi (0) 1690     
	13322 3
	2 3122 -311 0.5 1
	2 3222 -321 0.333 1
	2 3212 -311 0.167 1
-13322 1.69 0 -1 2 0.5 1 Xsi (0) 1690     
	-13322 3
	2 -3122 311 0.5 1
	2 -3222 321 0.333 1
	2 -3212 311 0.167 1
13312 1690 -1 1 -2 0.5 1 25 Xsi (-) 1690     
	13312 3
	2 3122 -321 0.5 1
	2 3112 -311 0.333 1
	2 3212 -321 0.167 1
-13312 1.69 1 -1 2 0.5 1 Xsi (-) 1690     
	-13312 3
	2 -3122 321 0.5 1
	2 -3112 311 0.333 1
	2 -3212 321 0.167 1
22124 1700 1 1 0 1.5 1 100 p 1700           
	22124 9
	2 2112 211 0.067 1
	2 2212 111 0.033 1
	2 2224 -211 0.187 1
	2 2214 111 0.125 1
	2 2114 211 0.063 1
	2 2112 213 0.067 1
	2 2212 113 0.033 1
	3 2212 211 -211 0.283 1
	3 2212 111 111 0.142 1
-22124 1.7 -1 -1 0 1.5 1 p 1700           
	-22124 9
	2 -2112 -211 0.067 1
	2 -2212 111 0.033 1
	2 -2224 211 0.187 1
	2 -2214 111 0.125 1
	2 -2114 -211 0.063 1
	2 -2112 -213 0.067 1
	2 -2212 113 0.033 1
	3 -2212 -211 211 0.283 1
	3 -2212 111 111 0.142 1
21214 1700 0 1 0 1.5 1 100 n 1700           
	21214 9
	2 2212 -211 0.067 1
	2 2112 111 0.033 1
	2 1114 211 0.187 1
	2 2114 111 0.125 1
	2 2214 -211 0.063 1
	2 2212 -213 0.067 1
	2 2112 113 0.033 1
	3 2112 211 -211 0.283 1
	3 2112 111 111 0.142 1
-21214 1.7 0 -1 0 1.5 1 n 1700           
	-21214 9
	2 -2212 211 0.067 1
	2 -2112 111 0.033 1
	2 -1114 -211 0.187 1
	2 -2114 111 0.125 1
	2 -2214 211 0.063 1
	2 -2212 213 0.067 1
	2 -2112 113 0.033 1
	3 -2112 -211 211 0.283 1
	3 -2112 111 111 0.142 1
12224 1700 2 1 0 1.5 1 300 Delta 1700 (++)  
	12224 4
	2 2212 211 0.15 2
	2 2224 111 0.18 0
	2 2214 211 0.27 0
	2 2212 213 0.4 0
-12224 1.7 -2 -1 0 1.5 1 Delta 1700 (++)  
	-12224 4
	2 -2212 -211 0.15 2
	2 -2224 111 0.18 0
	2 -2214 -211 0.27 0
	2 -2212 -213 0.4 0
12214 1700 1 1 0 1.5 1 300 Delta 1700 (+)   
	12214 7
	2 2212 111 0.1 2
	2 2112 211 0.05 2
	2 2224 -211 0.18 0
	2 2214 111 0.03 0
	2 2114 211 0.24 0
	2 2212 113 0.267 0
	2 2112 213 0.133 0
-12214 1.7 -1 -1 0 1.5 1 Delta 1700 (+)   
	-12214 7
	2 -2212 111 0.1 2
	2 -2112 -211 0.05 2
	2 -2224 211 0.18 0
	2 -2214 111 0.03 0
	2 -2114 -211 0.24 0
	2 -2212 113 0.267 0
	2 -2112 -213 0.133 0
12114 1700 0 1 0 1.5 1 300 Delta 1700 (0)   
	12114 7
	2 2112 111 0.1 2
	2 2212 -211 0.05 2
	2 1114 211 0.18 0
	2 2114 111 0.03 0
	2 2214 -211 0.24 0
	2 2112 113 0.267 0
	2 2212 -213 0.133 0
-12114 1.7 0 -1 0 1.5 1 Delta 1700 (0)   
	-12114 7
	2 -2112 111 0.1 2
	2 -2212 211 0.05 2
	2 -1114 -211 0.18 0
	2 -2114 111 0.03 0
	2 -2214 211 0.24 0
	2 -2112 113 0.267 0
	2 -2212 213 0.133 0
11114 1700 -1 1 0 1.5 1 300 Delta 1700 (-)   
	11114 4
	2 2112 -211 0.15 2
	2 1114 111 0.18 0
	2 2114 -211 0.27 0
	2 2112 -213 0.4 0
-11114 1.7 1 -1 0 1.5 1 Delta 1700 (-)   
	-11114 4
	2 -2112 211 0.15 2
	2 -1114 111 0.18 0
	2 -2114 211 0.27 0
	2 -2112 213 0.4 0
42212 1710 1 1 0 0.5 1 100 p 1710           
	42212 12
	2 2112 211 0.1 1
	2 2212 111 0.05 1
	2 2212 221 0.062 1
	2 3122 321 0.15 1
	2 2224 -211 0.137 1
	2 2214 111 0.092 1
	2 2114 211 0.046 1
	2 2112 213 0.1 1
	2 2212 113 0.05 1
	3 2212 211 -211 0.055 1
	3 2212 111 111 0.028 1
	2 2212 223 0.13 1
-42212 1.71 -1 -1 0 0.5 1 p 1710           
	-42212 12
	2 -2112 -211 0.1 1
	2 -2212 111 0.05 1
	2 -2212 221 0.062 1
	2 -3122 -321 0.15 1
	2 -2224 211 0.137 1
	2 -2214 111 0.092 1
	2 -2114 -211 0.046 1
	2 -2112 -213 0.1 1
	2 -2212 113 0.05 1
	3 -2212 -211 211 0.055 1
	3 -2212 111 111 0.028 1
	2 -2212 223 0.13 1
42112 1710 0 1 0 0.5 1 100 n 1710           
	42112 12
	2 2212 -211 0.1 1
	2 2112 111 0.05 1
	2 2112 221 0.062 1
	2 3122 311 0.15 1
	2 1114 211 0.137 1
	2 2114 111 0.092 1
	2 2214 -211 0.046 1
	2 2212 -213 0.1 1
	2 2112 113 0.05 1
	3 2112 211 -211 0.055 1
	3 2112 111 111 0.028 1
	2 2112 223 0.13 1
-42112 1.71 0 -1 0 0.5 1 n 1710           
	-42112 12
	2 -2212 211 0.1 1
	2 -2112 111 0.05 1
	2 -2112 221 0.062 1
	2 -3122 -311 0.15 1
	2 -1114 -211 0.137 1
	2 -2114 111 0.092 1
	2 -2214 211 0.046 1
	2 -2212 213 0.1 1
	2 -2112 113 0.05 1
	3 -2112 -211 211 0.055 1
	3 -2112 111 111 0.028 1
	2 -2112 223 0.13 1
10331 1715 0 0 0 0 1 138 f0 1710          (Note: L set to 1, unknown) 
	10331 5
	2 321 -321 0.315 1
	2 311 -311 0.315 1
	2 211 -211 0.046 1
	2 111 111 0.023 1
	2 221 221 0.301 1
30323 1717 1 0 1 1 1 322 K* 1680 (+)      
	30323 6
	2 311 211 0.258 1
	2 321 111 0.129 1
	2 311 213 0.209 1
	2 321 113 0.105 1
	2 313 211 0.199 1
	2 323 111 0.1 1
-30323 1717 -1 0 -1 1 1 322 K* 1680 (-)      
	-30323 6
	2 -311 -211 0.258 1
	2 -321 111 0.129 1
	2 -311 -213 0.209 1
	2 -321 113 0.105 1
	2 -313 -211 0.199 1
	2 -323 111 0.1 1
30313 1717 0 0 1 1 1 322 K* 1680 (0)      
	30313 6
	2 321 -211 0.258 1
	2 311 111 0.129 1
	2 321 -213 0.209 1
	2 311 113 0.105 1
	2 323 -211 0.199 1
	2 313 111 0.1 1
-30313 1717 0 0 -1 1 1 322 Anti K* 1680 (0) 
	-30313 6
	2 -321 211 0.258 1
	2 -311 111 0.129 1
	2 -321 213 0.209 1
	2 -311 113 0.105 1
	2 -323 211 0.199 1
	2 -313 111 0.1 1
30213 1720 1 0 0 1 1 250 rho 1700  (+)    
	30213 4
	3 -213 211 211 0.367 1
	3 113 211 111 0.267 1
	3 213 211 -211 0.233 1
	3 213 111 111 0.133 1
30113 1720 0 0 0 1 1 250 rho 1700  (0)    
	30113 4
	3 213 -211 111 0.267 1
	3 113 211 -211 0.267 1
	3 -213 211 111 0.267 1
	3 113 111 111 0.199 1
-30213 1720 -1 0 0 1 1 250 rho 1700  (-)    
	-30213 4
	3 213 -211 -211 0.367 1
	3 113 -211 111 0.267 1
	3 -213 211 -211 0.233 1
	3 -213 111 111 0.133 1
32124 1720 1 1 0 1.5 1 200 p 1720           
	32124 11
	2 2112 211 0.08 2
	2 2212 111 0.04 2
	2 2212 221 0.04 2
	2 3122 321 0.09 2
	2 2224 -211 0.013 0
	2 2214 111 0.008 0
	2 2114 211 0.004 0
	2 2112 213 0.467 0
	2 2212 113 0.233 0
	3 2212 211 -211 0.017 2
	3 2212 111 111 0.008 2
-32124 1.72 -1 -1 0 1.5 1 p 1720           
	-32124 11
	2 -2112 -211 0.08 2
	2 -2212 111 0.04 2
	2 -2212 221 0.04 2
	2 -3122 -321 0.09 2
	2 -2224 211 0.013 0
	2 -2214 111 0.008 0
	2 -2114 -211 0.004 0
	2 -2112 -213 0.467 0
	2 -2212 113 0.233 0
	3 -2212 -211 211 0.017 2
	3 -2212 111 111 0.008 2
31214 1720 0 1 0 1.5 1 200 n 1720           
	31214 11
	2 2212 -211 0.08 2
	2 2112 111 0.04 2
	2 2112 221 0.04 2
	2 3122 311 0.09 2
	2 1114 211 0.013 0
	2 2114 111 0.008 0
	2 2214 -211 0.004 0
	2 2212 -213 0.467 0
	2 2112 113 0.233 0
	3 2112 211 -211 0.017 2
	3 2112 111 111 0.008 2
-31214 1.72 0 -1 0 1.5 1 n 1720           
	-31214 11
	2 -2212 211 0.08 2
	2 -2112 111 0.04 2
	2 -2112 221 0.04 2
	2 -3122 -311 0.09 2
	2 -1114 -211 0.013 0
	2 -2114 111 0.008 0
	2 -2214 211 0.004 0
	2 -2212 213 0.467 0
	2 -2112 113 0.233 0
	3 -2112 -211 211 0.017 2
	3 -2112 111 111 0.008 2
23222 1750 1 1 -1 0.5 1 90 Sigma (+) 1750   
	23222 4
	2 2212 -311 0.4 0
	2 3222 221 0.52 0
	2 3224 111 0.04 2
	2 3214 211 0.04 2
-23222 1.75 -1 -1 1 0.5 1 Sigma (+) 1750   
	-23222 4
	2 -2212 311 0.4 0
	2 -3222 221 0.52 0
	2 -3224 111 0.04 2
	2 -3214 -211 0.04 2
23212 1750 0 1 -1 0.5 1 90 Sigma (0) 1750   
	23212 5
	2 2212 -321 0.2 0
	2 2112 -311 0.2 0
	2 3212 221 0.52 0
	2 3224 -211 0.04 2
	2 3114 211 0.04 2
-23212 1.75 0 -1 1 0.5 1 Sigma (0) 1750   
	-23212 5
	2 -2212 321 0.2 0
	2 -2112 311 0.2 0
	2 -3212 221 0.52 0
	2 -3224 211 0.04 2
	2 -3114 -211 0.04 2
23112 1750 -1 1 -1 0.5 1 90 Sigma (-) 1750   
	23112 4
	2 2112 -321 0.4 0
	2 3112 221 0.52 0
	2 3114 111 0.04 2
	2 3214 -211 0.04 2
-23112 1.75 1 -1 1 0.5 1 Sigma (-) 1750   
	-23112 4
	2 -2112 321 0.4 0
	2 -3112 221 0.52 0
	2 -3114 111 0.04 2
	2 -3214 211 0.04 2
10325 1773 1 0 1 2 1 186 K2 1770 (+)      (Note: L set to 1, unknown) 
	10325 4
	2 315 211 0.5 1
	2 325 111 0.25 1
	2 313 211 0.167 1
	2 323 111 0.083 1
-10325 1773 -1 0 -1 2 1 186 K2 1770 (-)      (Note: L set to 1, unknown) 
	-10325 4
	2 -315 -211 0.5 1
	2 -325 111 0.25 1
	2 -313 -211 0.167 1
	2 -323 111 0.083 1
10315 1773 0 0 1 2 1 186 K2 1770 (0)      (Note: L set to 1, unknown) 
	10315 4
	2 325 -211 0.5 1
	2 315 111 0.25 1
	2 323 -211 0.167 1
	2 313 111 0.083 1
-10315 1773 0 0 -1 2 1 186 Anti K2 1770 (0) (Note: L set to 1, unknown) 
	-10315 4
	2 -325 211 0.5 1
	2 -315 111 0.25 1
	2 -323 211 0.167 1
	2 -313 111 0.083 1
3226 1775 1 1 -1 2.5 1 120 Sigma (+) 1775   
	3226 7
	2 2212 -311 0.45 2
	2 3122 211 0.207 2
	2 3222 111 0.012 2
	2 3212 211 0.012 2
	2 3224 111 0.049 2
	2 3214 211 0.049 2
	2 3124 211 0.221 2
-3226 1.775 -1 -1 1 2.5 1 Sigma (+) 1775   
	-3226 7
	2 -2212 311 0.45 2
	2 -3122 -211 0.207 2
	2 -3222 111 0.012 2
	2 -3212 -211 0.012 2
	2 -3224 111 0.049 2
	2 -3214 -211 0.049 2
	2 -3124 -211 0.221 2
3216 1775 0 1 -1 2.5 1 120 Sigma (0) 1775   
	3216 8
	2 2212 -321 0.225 2
	2 2112 -311 0.225 2
	2 3122 111 0.207 2
	2 3222 -211 0.012 2
	2 3112 211 0.012 2
	2 3224 -211 0.049 2
	2 3114 211 0.049 2
	2 3124 111 0.221 2
-3216 1.775 0 -1 1 2.5 1 Sigma (0) 1775   
	-3216 8
	2 -2212 321 0.225 2
	2 -2112 311 0.225 2
	2 -3122 111 0.207 2
	2 -3222 211 0.012 2
	2 -3112 -211 0.012 2
	2 -3224 211 0.049 2
	2 -3114 -211 0.049 2
	2 -3124 111 0.221 2
3116 1775 -1 1 -1 2.5 1 120 Sigma (-) 1775   
	3116 7
	2 2112 -321 0.45 2
	2 3122 -211 0.207 2
	2 3112 111 0.012 2
	2 3212 -211 0.012 2
	2 3114 111 0.049 2
	2 3214 -211 0.049 2
	2 3124 -211 0.221 2
-3116 1.775 1 -1 1 2.5 1 Sigma (-) 1775   
	-3116 7
	2 -2112 321 0.45 2
	2 -3122 211 0.207 2
	2 -3112 111 0.012 2
	2 -3212 211 0.012 2
	2 -3114 111 0.049 2
	2 -3214 211 0.049 2
	2 -3124 211 0.221 2
327 1776 1 0 1 3 1 159 K3* 1780 (+)     (Note: L set to 1, unknown) 
	327 7
	2 311 213 0.207 1
	2 321 113 0.103 1
	2 313 211 0.133 1
	2 323 111 0.067 1
	2 311 211 0.127 1
	2 321 111 0.063 1
	2 321 221 0.3 1
-327 1776 -1 0 -1 3 1 159 K3* 1780 (-)     (Note: L set to 1, unknown) 
	-327 7
	2 -311 -213 0.207 1
	2 -321 113 0.103 1
	2 -313 -211 0.133 1
	2 -323 111 0.067 1
	2 -311 -211 0.127 1
	2 -321 111 0.063 1
	2 -321 221 0.3 1
317 1776 0 0 1 3 1 159 K3* 1780 (0)     (Note: L set to 1, unknown) 
	317 7
	2 321 -213 0.207 1
	2 311 113 0.103 1
	2 323 -211 0.133 1
	2 313 111 0.067 1
	2 321 -211 0.127 1
	2 311 111 0.063 1
	2 311 221 0.3 1
-317 1776 0 0 -1 3 1 159 Anti K3* 1780 (0) (Note: L set to 1, unknown) 
	-317 7
	2 -321 213 0.207 1
	2 -311 113 0.103 1
	2 -323 211 0.133 1
	2 -313 111 0.067 1
	2 -321 211 0.127 1
	2 -311 111 0.063 1
	2 -311 221 0.3 1
43122 1800 0 1 -1 0.5 1 300 Lambda 1800      
	43122 10
	2 3222 -211 0.067 0
	2 3212 111 0.066 0
	2 3112 211 0.067 0
	2 2212 -321 0.2 0
	2 2112 -311 0.2 0
	2 3224 -211 0.067 2
	2 3214 111 0.066 2
	2 3114 211 0.067 2
	2 2212 -323 0.1 0
	2 2112 -313 0.1 0
-43122 1.8 0 -1 1 0.5 1 Lambda 1800      
	-43122 10
	2 -3222 211 0.067 0
	2 -3212 111 0.066 0
	2 -3112 -211 0.067 0
	2 -2212 321 0.2 0
	2 -2112 311 0.2 0
	2 -3224 211 0.067 2
	2 -3214 111 0.066 2
	2 -3114 -211 0.067 2
	2 -2212 323 0.1 0
	2 -2112 313 0.1 0
53122 1810 0 1 -1 0.5 1 150 Lambda 1810      
	53122 7
	2 3222 -211 0.083 1
	2 3212 111 0.084 1
	2 3112 211 0.083 1
	2 2212 -321 0.175 1
	2 2112 -311 0.175 1
	2 2212 -323 0.2 1
	2 2112 -313 0.2 1
-53122 1.81 0 -1 1 0.5 1 Lambda 1810      
	-53122 7
	2 -3222 211 0.083 1
	2 -3212 111 0.084 1
	2 -3112 -211 0.083 1
	2 -2212 321 0.175 1
	2 -2112 311 0.175 1
	2 -2212 323 0.2 1
	2 -2112 313 0.2 1
9010211 1812 1 0 0 0 1 207 Pion 1800 (+)    (Note: L set to 1, unknown) 
	9010211 4
	3 211 211 -211 0.405 1
	3 211 111 111 0.203 1
	3 221 221 211 0.304 1
	3 331 221 211 0.088 1
9010111 1812 0 0 0 0 1 207 Pion 1800 (0)    (Note: L set to 1, unknown) 
	9010111 4
	3 211 -211 111 0.405 1
	3 111 111 111 0.203 1
	3 221 221 111 0.304 1
	3 331 221 111 0.088 1
-9010211 1812 -1 0 0 0 1 207 Pion 1800 (-)    (Note: L set to 1, unknown) 
	-9010211 4
	3 211 -211 -211 0.405 1
	3 -211 111 111 0.203 1
	3 221 221 -211 0.304 1
	3 331 221 -211 0.088 1
20325 1816 1 0 1 2 1 276 K2 1820 (+)      (Note: L set to 1, unknown) 
	20325 8
	3 321 211 -211 0.25 1
	3 311 211 111 0.167 1
	3 321 111 111 0.083 1
	2 325 111 0.128 1
	2 315 211 0.257 1
	2 323 111 0.008 1
	2 313 211 0.017 1
	2 321 225 0.09 1
-20325 1816 -1 0 -1 2 1 276 K2 1820 (-)      (Note: L set to 1, unknown) 
	-20325 8
	3 -321 211 -211 0.25 1
	3 -311 111 -211 0.167 1
	3 -321 111 111 0.083 1
	2 -325 111 0.128 1
	2 -315 -211 0.257 1
	2 -323 111 0.008 1
	2 -313 -211 0.017 1
	2 -321 225 0.09 1
20315 1816 0 0 1 2 1 276 K2 1820 (0)      (Note: L set to 1, unknown) 
	20315 8
	3 311 211 -211 0.25 1
	3 321 111 -211 0.167 1
	3 311 111 111 0.083 1
	2 315 111 0.128 1
	2 325 -211 0.257 1
	2 313 111 0.008 1
	2 323 -211 0.017 1
	2 311 225 0.09 1
-20315 1816 0 0 -1 2 1 276 Anti K2 1820 (0) (Note: L set to 1, unknown) 
	-20315 8
	3 -311 211 -211 0.25 1
	3 -321 211 111 0.167 1
	3 -311 111 111 0.083 1
	2 -315 111 0.128 1
	2 -325 211 0.257 1
	2 -313 111 0.008 1
	2 -323 211 0.017 1
	2 -311 225 0.09 1
3126 1820 0 1 -1 2.5 1 80 Lambda 1820      
	3126 8
	2 3222 -211 0.067 3
	2 3212 111 0.066 3
	2 3112 211 0.067 3
	2 2212 -321 0.35 3
	2 2112 -311 0.35 3
	2 3224 -211 0.033 1
	2 3214 111 0.034 1
	2 3114 211 0.033 1
-3126 1.82 0 -1 1 2.5 1 Lambda 1820      
	-3126 8
	2 -3222 211 0.067 3
	2 -3212 111 0.066 3
	2 -3112 -211 0.067 3
	2 -2212 321 0.35 3
	2 -2112 311 0.35 3
	2 -3224 211 0.033 1
	2 -3214 111 0.034 1
	2 -3114 -211 0.033 1
13324 1823 0 1 -2 1.5 1 24 Xsi (0) 1820     
	13324 7
	2 3122 -311 0.5 2
	2 3222 -321 0.1 2
	2 3212 -311 0.05 2
	2 3322 111 0.033 2
	2 3312 211 0.067 2
	2 3324 111 0.083 2
	2 3314 211 0.167 2
-13324 1.823 0 -1 2 1.5 1 Xsi (0) 1820     
	-13324 7
	2 -3122 311 0.5 2
	2 -3222 321 0.1 2
	2 -3212 311 0.05 2
	2 -3322 111 0.033 2
	2 -3312 -211 0.067 2
	2 -3324 111 0.083 2
	2 -3314 -211 0.167 2
13314 1823 -1 1 -2 1.5 1 24 Xsi (-) 1820     
	13314 7
	2 3122 -321 0.5 2
	2 3212 -321 0.05 2
	2 3112 -311 0.1 2
	2 3322 -211 0.067 2
	2 3312 111 0.033 2
	2 3324 -211 0.167 2
	2 3314 111 0.083 2
-13314 1.823 1 -1 2 1.5 1 Xsi (-) 1820     
	-13314 7
	2 -3122 321 0.5 2
	2 -3212 321 0.05 2
	2 -3112 311 0.1 2
	2 -3322 211 0.067 2
	2 -3312 111 0.033 2
	2 -3324 211 0.167 2
	2 -3314 111 0.083 2
13126 1830 0 1 -1 2.5 1 95 Lambda 1830      
	13126 8
	2 3222 -211 0.183 2
	2 3212 111 0.184 2
	2 3112 211 0.183 2
	2 2212 -321 0.03 2
	2 2112 -311 0.03 2
	2 3224 -211 0.13 2
	2 3214 111 0.13 2
	2 3114 211 0.13 2
-13126 1.83 0 -1 1 2.5 1 Lambda 1830      
	-13126 8
	2 -3222 211 0.183 2
	2 -3212 111 0.184 2
	2 -3112 -211 0.183 2
	2 -2212 321 0.03 2
	2 -2112 311 0.03 2
	2 -3224 211 0.13 2
	2 -3214 111 0.13 2
	2 -3114 -211 0.13 2
337 1854 0 0 0 3 1 87 phi3 1850        (Note: L set to 1, unknown) 
	337 6
	2 321 -321 0.322 1
	2 311 -311 0.322 1
	2 323 -321 0.089 1
	2 313 -311 0.089 1
	2 -323 321 0.089 1
	2 -313 311 0.089 1
23124 1890 0 1 -1 1.5 1 100 Lambda 1890      
	23124 10
	2 3222 -211 0.033 1
	2 3212 111 0.034 1
	2 3112 211 0.033 1
	2 2212 -321 0.2 1
	2 2112 -311 0.2 1
	2 3224 -211 0.083 1
	2 3214 111 0.084 1
	2 3114 211 0.083 1
	2 2212 -323 0.125 1
	2 2112 -313 0.125 1
-23124 1.89 0 -1 1 1.5 1 Lambda 1890      
	-23124 10
	2 -3222 211 0.033 1
	2 -3212 111 0.034 1
	2 -3112 -211 0.033 1
	2 -2212 321 0.2 1
	2 -2112 311 0.2 1
	2 -3224 211 0.083 1
	2 -3214 111 0.084 1
	2 -3114 -211 0.083 1
	2 -2212 323 0.125 1
	2 -2112 313 0.125 1
2226 1890 2 1 0 2.5 1 330 Delta 1905 (++)  
	2226 4
	2 2212 211 0.12 3
	2 2224 111 0.06 1
	2 2214 211 0.09 1
	2 2212 213 0.73 1
-2226 1.89 -2 -1 0 2.5 1 Delta 1905 (++)  
	-2226 4
	2 -2212 -211 0.12 3
	2 -2224 111 0.06 1
	2 -2214 -211 0.09 1
	2 -2212 -213 0.73 1
2126 1890 1 1 0 2.5 1 330 Delta 1905 (+)   
	2126 7
	2 2212 111 0.08 3
	2 2112 211 0.04 3
	2 2224 -211 0.06 1
	2 2214 111 0.01 1
	2 2114 211 0.08 1
	2 2212 113 0.487 1
	2 2112 213 0.243 1
-2126 1.89 -1 -1 0 2.5 1 Delta 1905 (+)   
	-2126 7
	2 -2212 111 0.08 3
	2 -2112 -211 0.04 3
	2 -2224 211 0.06 1
	2 -2214 111 0.01 1
	2 -2114 -211 0.08 1
	2 -2212 113 0.487 1
	2 -2112 -213 0.243 1
1216 1890 0 1 0 2.5 1 330 Delta 1905 (0)   
	1216 7
	2 2112 111 0.08 3
	2 2212 -211 0.04 3
	2 1114 211 0.06 1
	2 2114 111 0.01 1
	2 2214 -211 0.08 1
	2 2112 113 0.487 1
	2 2212 -213 0.243 1
-1216 1.89 0 -1 0 2.5 1 Delta 1905 (0)   
	-1216 7
	2 -2112 111 0.08 3
	2 -2212 211 0.04 3
	2 -1114 -211 0.06 1
	2 -2114 111 0.01 1
	2 -2214 211 0.08 1
	2 -2112 113 0.487 1
	2 -2212 213 0.243 1
1116 1890 -1 1 0 2.5 1 330 Delta 1905 (-)   
	1116 4
	2 2112 -211 0.12 3
	2 1114 111 0.06 1
	2 2114 -211 0.09 1
	2 2112 -213 0.73 1
-1116 1.89 1 -1 0 2.5 1 Delta 1905 (-)   
	-1116 4
	2 -2112 211 0.12 3
	2 -1114 111 0.06 1
	2 -2114 211 0.09 1
	2 -2112 213 0.73 1
22222 1910 2 1 0 0.5 1 250 Delta 1910 (++)  
	22222 5
	2 2212 211 0.225 1
	2 2224 111 0.015 1
	2 2214 211 0.01 1
	2 2212 213 0.19 1
	2 12212 211 0.56 1
-22222 1.91 -2 -1 0 0.5 1 Delta 1910 (++)  
	-22222 5
	2 -2212 -211 0.225 1
	2 -2224 111 0.015 1
	2 -2214 -211 0.01 1
	2 -2212 -213 0.19 1
	2 -12212 -211 0.56 1
22122 1910 1 1 0 0.5 1 250 Delta 1910 (+)   
	22122 9
	2 2212 111 0.15 1
	2 2112 211 0.075 1
	2 2224 -211 0.01 1
	2 2214 111 0.002 1
	2 2114 211 0.013 1
	2 2212 113 0.127 1
	2 2112 213 0.063 1
	2 12212 111 0.373 1
	2 12112 211 0.187 1
-22122 1.91 -1 -1 0 0.5 1 Delta 1910 (+)   
	-22122 9
	2 -2212 111 0.15 1
	2 -2112 -211 0.075 1
	2 -2224 211 0.01 1
	2 -2214 111 0.002 1
	2 -2114 -211 0.013 1
	2 -2212 113 0.127 1
	2 -2112 -213 0.063 1
	2 -12212 111 0.373 1
	2 -12112 -211 0.187 1
21212 1910 0 1 0 0.5 1 250 Delta 1910 (0)   
	21212 9
	2 2112 111 0.15 1
	2 2212 -211 0.075 1
	2 1114 211 0.01 1
	2 2114 111 0.002 1
	2 2214 -211 0.013 1
	2 2112 113 0.127 1
	2 2212 -213 0.063 1
	2 12112 111 0.373 1
	2 12212 -211 0.187 1
-21212 1.91 0 -1 0 0.5 1 Delta 1910 (0)   
	-21212 9
	2 -2112 111 0.15 1
	2 -2212 211 0.075 1
	2 -1114 -211 0.01 1
	2 -2114 111 0.002 1
	2 -2214 211 0.013 1
	2 -2112 113 0.127 1
	2 -2212 213 0.063 1
	2 -12112 111 0.373 1
	2 -12212 211 0.187 1
21112 1910 -1 1 0 0.5 1 250 Delta 1910 (-)   
	21112 5
	2 2112 -211 0.225 1
	2 1114 111 0.015 1
	2 2114 -211 0.01 1
	2 2112 -213 0.19 1
	2 12112 -211 0.56 1
-21112 1.91 1 -1 0 0.5 1 Delta 1910 (-)   
	-21112 5
	2 -2112 211 0.225 1
	2 -1114 111 0.015 1
	2 -2114 211 0.01 1
	2 -2112 213 0.19 1
	2 -12112 211 0.56 1
13226 1915 1 1 -1 2.5 1 120 Sigma (+) 1915   
	13226 6
	2 2212 -311 0.15 3
	2 3122 211 0.4 3
	2 3222 111 0.2 3
	2 3212 211 0.2 3
	2 3224 111 0.025 1
	2 3214 211 0.025 1
-13226 1.915 -1 -1 1 2.5 1 Sigma (+) 1915   
	-13226 6
	2 -2212 311 0.15 3
	2 -3122 -211 0.4 3
	2 -3222 111 0.2 3
	2 -3212 -211 0.2 3
	2 -3224 111 0.025 1
	2 -3214 -211 0.025 1
13216 1915 0 1 -1 2.5 1 120 Sigma (0) 1915   
	13216 7
	2 2212 -321 0.075 3
	2 2112 -311 0.075 3
	2 3122 111 0.4 3
	2 3222 -211 0.2 3
	2 3112 211 0.2 3
	2 3224 -211 0.025 1
	2 3114 211 0.025 1
-13216 1.915 0 -1 1 2.5 1 Sigma (0) 1915   
	-13216 7
	2 -2212 321 0.075 3
	2 -2112 311 0.075 3
	2 -3122 111 0.4 3
	2 -3222 211 0.2 3
	2 -3112 -211 0.2 3
	2 -3224 211 0.025 1
	2 -3114 -211 0.025 1
13116 1915 -1 1 -1 2.5 1 120 Sigma (-) 1915   
	13116 6
	2 2112 -321 0.15 3
	2 3122 -211 0.4 3
	2 3112 111 0.2 3
	2 3212 -211 0.2 3
	2 3114 111 0.025 1
	2 3214 -211 0.025 1
-13116 1.915 1 -1 1 2.5 1 Sigma (-) 1915   
	-13116 6
	2 -2112 321 0.15 3
	2 -3122 211 0.4 3
	2 -3112 111 0.2 3
	2 -3212 211 0.2 3
	2 -3114 111 0.025 1
	2 -3214 211 0.025 1
22224 1920 2 1 0 1.5 1 200 Delta 1920 (++)  
	22224 5
	2 2212 211 0.12 1
	2 3222 321 0.021 1
	2 2224 111 0.234 1
	2 2214 211 0.156 1
	2 12212 211 0.469 1
-22224 1.92 -2 -1 0 1.5 1 Delta 1920 (++)  
	-22224 5
	2 -2212 -211 0.12 1
	2 -3222 -321 0.021 1
	2 -2224 111 0.234 1
	2 -2214 -211 0.156 1
	2 -12212 -211 0.469 1
22214 1920 1 1 0 1.5 1 200 Delta 1920 (+)   
	22214 9
	2 2212 111 0.08 1
	2 2112 211 0.04 1
	2 3222 311 0.007 1
	2 3212 321 0.014 1
	2 2224 -211 0.156 1
	2 2214 111 0.026 1
	2 2114 211 0.208 1
	2 12212 111 0.313 1
	2 12112 211 0.156 1
-22214 1.92 -1 -1 0 1.5 1 Delta 1920 (+)   
	-22214 9
	2 -2212 111 0.08 1
	2 -2112 -211 0.04 1
	2 -3222 -311 0.007 1
	2 -3212 -321 0.014 1
	2 -2224 211 0.156 1
	2 -2214 111 0.026 1
	2 -2114 -211 0.208 1
	2 -12212 111 0.313 1
	2 -12112 -211 0.156 1
22114 1920 0 1 0 1.5 1 200 Delta 1920 (0)   
	22114 9
	2 2112 111 0.08 1
	2 2212 -211 0.04 1
	2 3112 321 0.007 1
	2 3212 311 0.014 1
	2 1114 211 0.156 1
	2 2114 111 0.026 1
	2 2214 -211 0.208 1
	2 12112 111 0.313 1
	2 12212 -211 0.156 1
-22114 1920 0 -1 0 1.5 1 Delta 1920 (0)   
	-22114 9
	2 -2112 111 0.08 1
	2 -2212 211 0.04 1
	2 -3112 -321 0.007 1
	2 -3212 -311 0.014 1
	2 -1114 -211 0.156 1
	2 -2114 111 0.026 1
	2 -2214 211 0.208 1
	2 -12112 111 0.313 1
	2 -12212 211 0.156 1
21114 1920 -1 1 0 1.5 1 200 Delta 1920 (-)   
	21114 5
	2 2112 -211 0.12 1
	2 3112 311 0.021 1
	2 1114 111 0.234 1
	2 2114 -211 0.156 1
	2 12112 -211 0.469 1
-21114 1.92 1 -1 0 1.5 1 Delta 1920 (-)   
	-21114 5
	2 -2112 211 0.12 1
	2 -3112 -311 0.021 1
	2 -1114 111 0.234 1
	2 -2114 211 0.156 1
	2 -12112 211 0.469 1
2228 1930 2 1 0 3.5 1 285 Delta 1950 (++)  
	2228 5
	2 2212 211 0.5 2
	2 3222 321 0.01 2
	2 2224 111 0.24 2
	2 2214 211 0.16 2
	2 2212 213 0.09 2
-2228 1.93 -2 -1 0 3.5 1 Delta 1950 (++)  
	-2228 5
	2 -2212 -211 0.5 2
	2 -3222 -321 0.01 2
	2 -2224 111 0.24 2
	2 -2214 -211 0.16 2
	2 -2212 -213 0.09 2
2218 1930 1 1 0 3.5 1 285 Delta 1950 (+)   
	2218 9
	2 2212 111 0.333 2
	2 2112 211 0.167 2
	2 3222 311 0.003 2
	2 3212 321 0.007 2
	2 2224 -211 0.16 2
	2 2214 111 0.027 2
	2 2114 211 0.213 2
	2 2212 113 0.06 2
	2 2112 213 0.03 2
-2218 1.93 -1 -1 0 3.5 1 Delta 1950 (+)   
	-2218 9
	2 -2212 111 0.333 2
	2 -2112 -211 0.167 2
	2 -3222 -311 0.003 2
	2 -3212 -321 0.007 2
	2 -2224 211 0.16 2
	2 -2214 111 0.027 2
	2 -2114 -211 0.213 2
	2 -2212 113 0.06 2
	2 -2112 -213 0.03 2
2118 1930 0 1 0 3.5 1 285 Delta 1950 (0)   
	2118 9
	2 2112 111 0.333 2
	2 2212 -211 0.167 2
	2 3112 321 0.003 2
	2 3212 311 0.007 2
	2 1114 211 0.16 2
	2 2114 111 0.027 2
	2 2214 -211 0.213 2
	2 2112 113 0.06 2
	2 2212 -213 0.03 2
-2118 1.93 0 -1 0 3.5 1 Delta 1950 (0)   
	-2118 9
	2 -2112 111 0.333 2
	2 -2212 211 0.167 2
	2 -3112 -321 0.003 2
	2 -3212 -311 0.007 2
	2 -1114 -211 0.16 2
	2 -2114 111 0.027 2
	2 -2214 211 0.213 2
	2 -2112 113 0.06 2
	2 -2212 213 0.03 2
1118 1930 -1 1 0 3.5 1 285 Delta 1950 (-)   
	1118 5
	2 2112 -211 0.5 2
	2 3112 311 0.01 2
	2 1114 111 0.24 2
	2 2114 -211 0.16 2
	2 2112 -213 0.09 2
-1118 1.93 1 -1 0 3.5 1 Delta 1950 (-)   
	-1118 5
	2 -2112 211 0.5 2
	2 -3112 -311 0.01 2
	2 -1114 111 0.24 2
	2 -2114 211 0.16 2
	2 -2112 213 0.09 2
23224 1940 1 1 -1 1.5 1 220 Sigma (+) 1940   
	23224 10
	2 2212 -311 0.1 2
	2 3122 211 0.15 2
	2 3222 111 0.075 2
	2 3212 211 0.075 2
	2 3224 111 0.075 0
	2 3214 211 0.075 0
	2 3124 211 0.15 0
	2 2224 -321 0.113 0
	2 2214 -311 0.037 0
	2 2212 -313 0.15 0
-23224 1.94 -1 -1 1 1.5 1 Sigma (+) 1940   
	-23224 10
	2 -2212 311 0.1 2
	2 -3122 -211 0.15 2
	2 -3222 111 0.075 2
	2 -3212 -211 0.075 2
	2 -3224 111 0.075 0
	2 -3214 -211 0.075 0
	2 -3124 -211 0.15 1
	2 -2224 321 0.113 0
	2 -2214 311 0.037 0
	2 -2212 313 0.15 0
23214 1940 0 1 -1 1.5 1 220 Sigma (0) 1940   
	23214 12
	2 2212 -321 0.05 2
	2 2112 -311 0.05 2
	2 3122 111 0.15 2
	2 3222 -211 0.075 2
	2 3112 211 0.075 2
	2 3224 -211 0.075 0
	2 3114 211 0.075 0
	2 3124 111 0.15 1
	2 2214 -321 0.075 0
	2 2114 -311 0.075 0
	2 2212 -323 0.075 0
	2 2112 -313 0.075 0
-23214 1.94 0 -1 1 1.5 1 Sigma (0) 1940   
	-23214 12
	2 -2212 321 0.05 2
	2 -2112 311 0.05 2
	2 -3122 111 0.15 2
	2 -3222 211 0.075 2
	2 -3112 -211 0.075 2
	2 -3224 211 0.075 0
	2 -3114 -211 0.075 0
	2 -3124 111 0.15 1
	2 -2214 321 0.075 0
	2 -2114 311 0.075 0
	2 -2212 323 0.075 0
	2 -2112 313 0.075 0
23114 1940 -1 1 -1 1.5 1 220 Sigma (-) 1940   
	23114 10
	2 2112 -321 0.1 2
	2 3122 -211 0.15 2
	2 3112 111 0.075 2
	2 3212 -211 0.075 2
	2 3114 111 0.075 0
	2 3214 -211 0.075 0
	2 3124 -211 0.15 1
	2 1114 -311 0.113 0
	2 2114 -321 0.037 0
	2 2112 -323 0.15 0
-23114 1.94 1 -1 1 1.5 1 Sigma (-) 1940   
	-23114 10
	2 -2112 321 0.1 2
	2 -3122 211 0.15 2
	2 -3112 111 0.075 2
	2 -3212 211 0.075 2
	2 -3114 111 0.075 0
	2 -3214 211 0.075 0
	2 -3124 211 0.15 1
	2 -1114 311 0.113 0
	2 -2114 321 0.037 0
	2 -2112 323 0.15 0
9050225 1945 0 0 0 2 1 475 f2 1950          (Note: L set to 1, unknown) 
	9050225 9
	2 111 111 0.255 1
	2 211 -211 0.51 1
	2 221 221 0.071 1
	4 211 -211 111 111 0.066 1
	4 211 211 -211 -211 0.026 1
	2 321 -321 0.023 1
	2 311 -311 0.023 1
	2 323 -323 0.013 1
	2 313 -313 0.013 1
23324 1950 0 1 -2 1.5 1 60 Xsi (0) 1950     
	23324 3
	2 3122 -311 0.5 1
	2 3312 211 0.333 1
	2 3322 111 0.167 1
-23324 1.95 0 -1 2 1.5 1 Xsi (0) 1950     
	-23324 3
	2 -3122 311 0.5 1
	2 -3312 -211 0.333 1
	2 -3322 111 0.167 1
23314 1950 -1 1 -2 1.5 1 60 Xsi (-) 1950     
	23314 3
	2 3122 -321 0.5 1
	2 3322 -211 0.333 1
	2 3312 111 0.167 1
-23314 1.95 1 -1 2 1.5 1 Xsi (-) 1950     
	-23314 3
	2 -3122 321 0.5 1
	2 -3322 211 0.333 1
	2 -3312 111 0.167 1
12226 1960 2 1 0 2.5 1 360 Delta 1930 (++)  
	12226 1
	2 2212 211 1 3
-12226 1.96 -2 -1 0 2.5 1 Delta 1930 (++)  
	-12226 1
	2 -2212 -211 1 2
12126 1960 1 1 0 2.5 1 360 Delta 1930 (+)   
	12126 2
	2 2212 111 0.667 3
	2 2112 211 0.333 3
-12126 1.96 -1 -1 0 2.5 1 Delta 1930 (+)   
	-12126 2
	2 -2212 111 0.667 3
	2 -2112 -211 0.333 3
11216 1960 0 1 0 2.5 1 360 Delta 1930 (0)   
	11216 2
	2 2112 111 0.667 3
	2 2212 -211 0.333 3
-11216 1.96 0 -1 0 2.5 1 Delta 1930 (0)   
	-11216 2
	2 -2112 111 0.667 3
	2 -2212 211 0.333 3
11116 1960 -1 1 0 2.5 1 360 Delta 1930 (-)   
	11116 1
	2 2112 -211 1 3
-11116 1.96 1 -1 0 2.5 1 Delta 1930 (-)   
	-11116 1
	2 -2112 211 1 3
13334 2252 -1 1 -3 1.5 1 55 Omega 2250       (Note: L set to 1, unknown) 
	13334 2
	2 3324 -321 0.5 1
	3 3312 -321 211 0.5 1
-13334 2.252 1 -1 3 1.5 1 Omega 2250       
	-13334 2
	2 -3324 321 0.5 1
	3 -3312 321 -211 0.5 1